11.757
11.663
11.8669
11.5969
11.4994
11.5695
11.5871
11.5861
11.4007
11.6619
11.6843
11.6716
11.7402
11.6079
11.5612
11.545
11.746
11.8369
11.7105
11.7596
11.5249
11.7591
11.6874
11.6116
11.6567
11.7922
11.659
11.7483
11.6463
11.5985
11.5613
11.7344
11.5103
11.5538
11.8252
11.676
11.716
11.6987
11.7702
12.1077
11.8314
11.823
11.5001
11.84
11.5572
11.665
11.5111
11.878
11.6737
11.6624
11.9852
11.5978
11.9053
11.81
11.4885
11.6039
11.8342
11.662
11.7449
11.4887
11.7673
11.6329
11.7931
11.6376
11.7772
11.551
11.5892
11.8415
11.7088
11.7569
11.8427
11.8141
11.6569
11.6799
11.6874
11.553
11.6456
11.705
11.7343
11.5815
11.4702
11.5836
11.5018
11.5033
11.5316
11.5434
11.6223
11.4038
11.5585
11.6769
11.5707
11.3464
11.5864
11.6045
11.3222
11.4909
11.363
11.3748
11.5698
11.3998
11.5401
11.4551
11.5879
11.3207
11.6663
11.4908
11.6657
11.401
11.3893
11.4946
11.4388
11.6299
11.2949
11.3625
11.5286
11.5335
11.4139
11.3014
11.5061
11.4363
11.5314
11.3982
11.4561
11.5812
11.4199
11.5925
11.4449
11.6351
11.2883
11.4132
11.3748
11.5468
11.5014
11.423
11.6753
11.4589
11.5115
11.7626
11.56
11.3132
11.5613
11.5209
11.6661
11.4857
11.5819
11.566
11.4662
11.6576
11.4437
11.4501
11.5079
11.5106
11.5363
11.405
11.8434
11.6884
11.4945
11.3745
11.7122
11.4604
11.5018
11.5582
11.5547
11.5693
11.6791
11.7161
11.6426
11.6615
11.6512
11.7186
11.7534
11.7375
11.7027
11.5952
11.836
11.856
11.7642
11.5606
11.6194
11.6113
11.5914
11.7787
11.5523
11.4138
11.5131
11.487
11.4196
11.55
11.4035
11.3054
11.6197
11.5135
11.7742
11.4855
11.6867
11.3578
11.3727
11.7339
11.5603
11.4881
11.7697
11.6225
11.5461
11.4799
11.769
11.6767
11.4545
11.7021
11.3894
11.5008
11.6702
11.663
11.6238
11.5353
11.7042
11.6328
11.7253
11.6287
11.6218
11.5472
11.6018
11.5032
11.4618
11.5589
11.0902
11.535
11.4544
11.4192
11.6055
11.5626
11.4456
11.4993
11.4417
11.4332
11.4
11.4383
11.6294
11.5669
11.3093
11.4586
11.6112
11.3099
11.5628
11.5668
11.428
11.5172
11.4517
11.6375
11.6674
11.478
11.4344
11.4286
11.6314
11.4488
11.5866
11.6219
11.6113
11.4457
11.5579
11.478
11.4681
11.8015
11.5503
11.4911
11.7577
11.7632
11.6083
11.5295
11.4955
11.7276
11.7924
11.7553
11.686
11.4089
11.4809
11.6936
11.4808
11.5931
11.7757
11.5825
11.7616
11.7392
11.6045
11.637
11.7907
11.6085
11.8179
11.7522
11.7068
11.4653
11.7747
11.7693
11.5803
11.631
11.6972
11.5973
11.6236
11.6842
11.4624
11.5434
11.5694
11.5488
11.6582
11.3885
11.6996
11.416
11.4483
11.6795
11.3973
11.76
11.6703
11.3139
11.8633
11.5932
11.6293
11.4473
11.7923
11.5302
11.7027
11.7417
11.4271
11.7386
11.5414
11.6581
11.6847
11.5858
11.6458
11.6166
11.9126
11.7541
11.7009
11.7802
11.7626
11.5358
11.7317
11.8539
11.6629
11.8034
11.6352
11.5995
11.9074
11.8423
11.8793
11.8395
11.8291
11.7288
11.6755
11.8514
11.7317
11.6738
11.5931
11.5669
11.6373
11.7183
11.7632
11.8449
11.7419
11.7368
11.6613
11.8834
11.8505
11.98
11.6635
11.4887
11.5764
11.571
11.6512
11.7634
11.8691
11.7065
11.7314
11.5474
11.547
11.6088
11.6316
11.3338
11.2581
11.3913
11.691
11.6208
11.7253
11.4976
11.2735
11.5978
11.3893
11.5866
11.4479
11.4483
11.494
11.6607
11.8264
11.5764
11.4744
11.5363
11.7712
11.3643
11.3986
11.6462
11.5483
11.2796
11.3704
11.344
11.4768
11.5549
11.4259
11.341
11.3035
11.2896
11.4047
11.4797
11.344
11.36
11.27
11.1679
11.467
11.2958
11.7533
11.3666
11.5701
11.4855
11.7637
11.6539
11.7638
11.5974
11.6133
11.673
11.4742
11.4256
11.5186
11.3501
11.4765
11.5013
11.7964
11.5999
11.4335
11.5267
11.5438
11.4275
11.3584
11.5279
11.4586
11.4364
11.2808
11.3679
11.3453
11.6196
11.3872
11.2847
11.4675
11.3484
11.3008
11.3737
11.4763
11.406
11.4263
11.5236
11.3007
11.3633
11.2078
11.4262
11.4351
11.3835
11.4455
11.5284
11.4622
11.7319
11.402
11.3553
11.6237
11.398
11.3027
11.5336
11.5289
11.3813
11.5933
11.2908
11.4576
11.1999
11.5546
11.3678
11.2696
11.4059
11.4414
11.3496
11.3683
11.3942
11.5857
11.5045
11.3891
11.4847
11.4488
11.6242
11.39
11.43
11.302
11.2175
11.3213
11.3378
11.4993
11.3103
11.2743
11.3324
11.3279
11.2091
11.1882
11.6294
11.2799
11.3968
11.4864
11.429
11.4496
11.5647
11.4552
11.4369
11.4721
11.1539
11.4857
11.2678
11.3196
11.3647
11.4625
11.5722
11.3941
11.6741
11.5613
11.7646
11.4432
11.4086
11.6509
11.3238
11.5621
11.6361
11.6456
11.5331
11.7028
11.6235
11.6374
11.652
11.5246
11.6538
11.5719
11.8111
11.6255
11.7083
11.8279
11.4414
11.4865
11.4254
11.4987
11.7891
11.7209
11.5011
11.7448
11.8271
11.6913
11.8661
11.4806
11.7142
11.5626
11.8196
11.8993
11.6418
11.7902
12.0163
11.4526
11.8311
11.7346
11.7378
11.6554
11.69
11.7242
11.7767
11.8011
11.5545
11.4763
11.4834
11.7492
11.7112
11.6654
11.7887
11.6657
11.5311
11.4137
11.6578
11.393
11.2428
11.3713
11.4095
11.5014
11.3963
11.4623
11.4637
11.736
11.6216
11.6241
11.5471
11.5415
11.5835
11.9036
11.6452
11.441
11.6772
11.4309
11.758
11.7605
11.6276
11.6002
11.6887
11.7733
11.7165
11.8389
11.7529
11.7747
11.899
11.6628
11.7596
11.7267
11.7559
11.8017
11.8487
11.8176
11.4047
11.6573
11.6495
11.707
11.6385
11.7387
11.5143
11.541
11.6676
11.6194
11.759
11.5638
11.5534
11.53
11.611
11.643
11.5699
11.7601
11.5594
11.6435
11.7685
11.514
11.6086
11.6206
11.4895
11.5522
11.7264
11.6357
11.4216
11.5205
11.4796
11.5271
11.5356
11.6614
11.4623
11.1943
11.6194
11.4518
11.5308
11.6635
11.4172
11.5951
11.4462
11.6141
11.6808
11.4127
11.5252
11.4219
11.619
11.8215
11.4022
11.3959
11.6005
11.6766
11.7199
11.4424
11.4892
11.3799
11.3679
11.5301
11.3581
11.5968
11.5924
11.6407
11.6656
11.4767
11.4098
11.6539
11.5405
11.5026
11.6579
11.6471
11.5529
11.735
11.8545
11.6608
11.7265
11.6028
11.9226
11.7213
11.8194
11.573
11.6454
11.6704
11.7478
11.8428
11.6856
11.7159
11.5238
11.7461
11.5746
11.8981
11.709
11.7066
11.5962
11.6892
11.4443
11.6484
11.516
11.6142
11.3839
11.6483
11.5925
11.4977
11.7439
11.4631
11.5758
11.6391
11.5696
11.6758
11.6544
11.7297
11.6689
11.4828
11.6742
11.5514
11.4683
11.5423
11.628
11.7822
11.4699
11.6379
11.7324
11.7009
11.8951
11.5613
11.5958
11.5273
11.7372
11.6755
11.5682
11.6319
11.6786
11.5784
11.6832
11.8421
11.6044
11.6303
11.663
11.7311
11.577
11.6987
11.6837
11.341
11.6888
11.8006
11.5973
11.6662
11.6896
11.6965
11.5675
11.5805
11.6874
11.7582
11.656
11.7982
11.5059
11.5466
11.5377
11.6282
11.7895
11.598
11.5519
11.6707
11.5905
11.746
11.8427
11.6699
11.7418
11.4918
11.7549
11.9966
11.932
11.8144
11.9319
11.7531
11.6079
11.7659
12.1466
11.6496
12.0389
11.5309
11.5535
11.6322
11.7742
11.7034
11.7929
11.8633
11.6273
11.9212
11.8107
11.5362
11.7463
11.5971
11.6138
11.5908
11.629
11.4523
11.6375
11.8138
11.5393
11.6169
11.9312
11.4834
11.483
11.6989
11.6848
11.4073
11.7546
11.7586
11.7429
11.7125
11.5786
11.6197
11.5247
11.7364
11.7811
11.6082
11.6552
11.5191
11.8417
11.7653
11.7733
11.7124
11.6141
11.6823
11.5958
11.6297
11.6013
11.8263
11.6324
11.5766
11.6516
11.6318
11.6971
11.7533
11.7173
11.4041
11.5214
11.7499
11.6546
11.6229
11.5862
11.516
11.5329
11.6673
11.6703
11.5002
11.5409
11.5585
11.6765
11.4114
11.532
11.5094
11.6018
11.5904
11.4673
11.5474
11.4555
11.5132
11.4733
11.4849
11.5807
11.7467
11.5013
11.5326
11.2443
11.5729
11.6112
11.5297
11.5256
11.5413
11.5124
11.3322
11.644
11.3717
11.2888
11.6606
11.6126
11.5174
11.499
11.6665
11.443
11.5047
11.3734
11.4768
11.369
11.4684
11.5333
11.657
11.6537
11.2734
11.4169
11.5089
11.5697
11.8537
11.8037
11.3915
11.7932
11.6264
11.8921
11.7811
11.63
11.313
11.6053
11.4578
11.6083
11.5096
11.3379
11.3979
11.598
11.5621
11.7891
11.5182
11.5868
11.5117
11.7862
11.7676
11.4742
11.6545
11.5572
11.7916
11.6412
11.5541
11.767
11.6849
11.7872
11.7608
11.6083
11.6764
11.7256
11.6083
11.6155
11.5282
11.7489
11.5706
11.5678
11.6961
11.9669
11.5851
11.2776
11.51
11.4469
11.5996
11.4587
11.4352
11.6881
11.6484
11.465
11.4455
11.914
11.5345
11.4582
11.6224
11.5201
11.5293
11.5424
11.5361
11.2924
11.5144
11.7245
11.5895
11.6707
11.5751
11.6195
11.6704
11.6863
11.667
11.4129
11.5725
11.5461
11.6463
11.5667
11.6275
11.7404
11.7535
11.7632
11.4886
11.6566
14.2497
14.0862
14.431
13.9093
13.8413
13.8204
13.9938
14.4242
13.8696
13.9158
13.9404
14.0265
14.3852
13.5885
13.9426
13.5742
13.9103
14.2447
13.9825
14.3708
14.1432
13.9527
13.9788
13.7595
14.3516
14.3058
14.2089
14.2594
14.5935
14.3571
14.2623
14.5448
13.7486
14.1447
14.1141
14.176
14.7052
14.3353
14.5596
14.9833
14.5274
15.1948
13.6534
14.1325
13.7575
14.1172
13.689
14.3929
13.7461
14.2062
14.7635
14.176
14.0787
14.3864
13.9445
14.5062
14.7687
14.0407
13.8993
13.9139
14.3357
14.4981
14.917
14.15
14.2212
13.7913
13.765
14.8232
14.3118
14.3647
14.2137
13.8299
14.0586
14.3505
14.1857
14.2283
14.4521
14.1449
14.5714
14.2967
14.1293
14.8864
13.9942
13.8949
14.152
14.3408
14.3602
14.1398
14.3855
14.1847
14.1372
14.2728
14.6192
14.253
13.8543
14.0202
13.8392
14.1319
14.3506
14.2448
14.0314
13.8971
14.5996
14.1003
14.3422
14.6481
14.34
14.1568
13.8952
13.7138
13.9018
13.9654
14.3892
13.6994
13.7396
14.0714
14.0843
14.0656
14.2987
13.8168
13.8114
13.4732
13.7233
13.5275
13.6936
13.829
14.2886
13.9371
13.7793
13.7964
13.452
13.719
14.4966
13.7845
13.5606
14.0421
13.616
14.8658
14.0764
13.6284
13.199
13.8381
14.1336
13.2985
14.9118
14.1618
13.7588
14.3451
13.5356
14.275
14.6001
13.6344
13.9923
13.9364
14.0674
13.5635
13.7292
13.7081
14.018
14.5193
13.8549
13.756
14.5029
13.8109
14.1343
13.8496
13.7673
14.0193
13.9053
13.9815
13.868
14.1832
13.759
14.6604
14.2672
14.0201
14.4534
14.2718
14.0233
14.632
14.2303
14.2974
14.3849
14.2344
13.9609
14.0684
14.0244
14.3807
14.0781
13.818
13.7182
13.8346
14.4057
13.8228
14.1932
14.0234
14.0588
14.4844
14.2771
14.634
15.1391
14.591
14.1545
14.074
14.1523
14.2379
14.3569
14.3315
13.8959
13.3559
14.2838
14.0076
14.1435
14.8171
14.2439
14.4727
13.9777
14.4329
14.7697
14.1743
14.9964
13.8777
13.4387
14.1768
13.5415
14.139
14.14
14.01
14.5461
14.6653
14.1443
14.3768
14.4215
14.5543
14.1829
14.3764
14.0895
13.9831
14.087
14.1653
14.7637
13.8829
14.5312
14.2579
13.4683
14.3498
13.8803
14.619
14.4309
14.2734
14.6139
14.061
14.54
13.9642
14.5222
14.3515
14.6814
14.3286
14.4343
14.327
14.1275
14.1485
14.2336
14.3566
15.2581
14.4076
14.0343
14.0297
13.9248
14.3828
14.7198
15.0356
14.4765
13.7265
13.6078
14.0499
14.2458
14.3399
13.9706
13.814
13.5692
13.8282
13.936
14.032
14.3793
13.6811
13.8822
14.0097
14.0849
13.9174
14.4944
14.475
13.5927
13.6842
13.7044
13.8295
14.238
14.6259
13.5396
13.5632
13.8966
13.4868
14.4168
13.6811
14.3365
13.5017
13.3269
14.1564
13.3407
14.7107
14.8056
13.4202
15.0158
13.2517
13.4683
13.9855
14.0783
14.1883
13.6714
13.5562
13.3851
13.821
14.0627
13.4186
13.5782
13.5324
13.5773
13.498
14.3143
14.5468
14.5643
13.434
14.1863
13.9509
13.5671
14.2546
13.2225
13.6708
13.2535
13.8942
14.1368
13.865
14.272
13.6241
14.0144
13.4989
13.1926
13.9543
13.8773
13.9164
13.7148
13.0248
13.2805
13.6604
13.8126
14.4038
13.7184
14.0548
13.4667
13.2952
14.1538
14.4213
13.3419
12.9962
12.9708
12.9956
13.7596
13.952
14.5557
14.1321
14.4714
14.3417
13.9477
14.1843
13.8896
13.0039
13.2838
13.2928
13.6905
13.6869
14.0527
14.2383
13.655
14.2716
13.5992
13.6381
14.3483
14.0431
14.1472
13.9023
13.9104
13.8294
13.9768
13.9937
13.3321
13.931
13.7528
13.2551
13.5666
13.548
14.2832
14.3618
13.5738
13.5594
13.4585
13.5062
13.8713
13.1588
14.0193
13.9974
13.8689
14.4514
13.8453
14.09
14.0347
13.3289
13.8518
13.3298
13.3406
13.9176
14.1755
13.9726
14.0018
13.6454
13.7467
13.6137
14.1981
13.1898
13.3212
14.0457
13.8798
14.2579
14.1023
13.434
13.7062
13.6537
14.1055
14.5248
13.9953
13.8578
13.5503
13.8491
13.3639
13.8628
13.4199
13.4134
13.0756
13.6355
14.0741
13.2055
13.7849
13.8186
13.78
13.5919
13.6442
13.671
13.313
13.8959
13.343
13.9048
13.3706
12.9187
13.857
13.5437
13.5696
14.0573
13.4272
13.1385
13.5261
13.7678
13.6492
13.796
13.8262
13.1146
13.5026
13.425
12.9184
13.4784
13.4045
13.4617
13.607
13.8438
14.1983
13.8724
13.4654
13.4178
12.9118
13.9681
13.8038
14.3181
13.694
13.3698
13.757
13.5585
13.8
13.2695
13.7536
13.7996
13.5458
13.8263
13.2789
13.2827
13.4779
13.0308
13.6165
13.3302
13.5027
14.076
13.4702
13.847
13.7524
13.8909
13.7845
13.9882
13.9404
13.1935
14.1283
13.4079
13.6812
14.1762
13.6023
14.2219
14.1326
14.5833
14.5234
14.6748
14.0542
13.8426
13.6939
13.9199
14.2214
13.966
13.9461
13.6467
14.2034
14.2566
14.3835
14.1672
14.2499
14.4903
14.3984
14.3107
14.2478
14.0351
14.4711
14.0581
13.4926
13.9965
13.9282
14.3354
14.4347
14.3943
13.6134
14.6983
14.9139
14.5873
13.8102
14.7165
13.9649
14.5894
14.0665
14.3728
14.1663
14.452
13.9125
14.465
14.2452
14.6591
14.5882
14.4438
14.8002
14.3702
14.409
14.0918
13.4993
13.7212
13.9813
13.5968
13.8288
13.5021
14.1911
13.7282
14.3232
14.4832
13.801
13.51
13.4371
13.7925
13.9643
13.448
13.7
13.53
14.3565
14.3621
14.4152
13.6645
13.4567
14.2219
13.9268
14.4807
13.9492
13.7756
13.8066
13.7878
13.7503
14.0799
14.1008
13.9535
14.2841
14.1839
14.4582
14.2431
14.6374
14.1189
13.9843
14.5545
13.9161
14.124
14.396
14.1036
14.4993
13.5675
13.5715
13.6798
14.106
13.6517
14.4862
13.8514
13.9977
14.5326
14.6856
14.1254
14.1474
14.1929
13.7503
13.7799
13.703
13.9898
14.6355
13.9698
13.9673
13.9254
13.3676
14.3145
13.9464
14.3949
14.5415
14.1383
14.3677
13.8677
13.7716
14.2473
14.5226
14.1609
14.0908
13.7346
13.9789
14.6134
13.8092
14.3541
14.2277
14.1495
14.3624
13.8733
14.1481
13.8021
13.3372
14.331
14.1248
13.9057
14.2992
13.5202
13.5879
14.2873
13.6182
13.9524
13.5231
13.9717
13.6156
13.7289
14.0788
13.6704
14.4471
13.6128
13.9369
13.823
13.4951
14.1303
14.4001
14.1217
13.8389
13.6396
13.4551
13.5659
14.282
13.9984
13.8068
14.5319
14.1743
14.1146
14.1727
14.1832
13.8548
13.8891
14.0488
14.3149
14.5153
14.0366
13.8431
13.6549
14.2032
13.9384
14.0803
13.8028
13.6721
13.9856
13.8389
13.82
14.2872
14.0267
13.8939
14.0273
14.3072
14.045
13.6846
14.1307
13.5682
13.8688
13.8446
13.7531
14.0028
14.0129
14.0666
14.1491
14.0587
14.2004
13.5882
14.0162
13.2393
14.0202
14.509
13.1069
14.0765
13.7697
14.0638
14.9769
13.9301
14.2132
14.1523
13.5431
14.1714
14.1042
14.0302
14.4268
13.8986
14.1301
14.4397
14.1497
14.3231
14.0221
14.1442
13.9304
13.9786
13.7452
13.4951
14.222
13.8223
13.5784
14.1655
14.0465
14.6686
13.9557
13.7493
14.0797
14.135
14.2318
14.8865
14.8427
13.8967
14.0872
14.3027
14.0375
13.9537
14.3042
14.219
14.0484
14.1094
15.0527
14.6102
14.8522
13.8454
13.8072
14.3485
14.2569
14.781
14.3349
13.5595
14.0393
14.3523
14.5469
13.9341
14.0327
13.7808
13.8248
14.2156
14.4089
13.9989
14.625
14.4961
14.1525
15.1499
14.0591
13.8873
14.1089
13.8447
14.0232
13.9591
14.575
14.3357
14.5997
14.8679
13.6148
14.1465
14.9475
13.929
14.1551
14.0817
13.8585
13.4456
14.1453
14.1795
14.4265
14.714
14.2262
13.7992
13.5779
13.8522
13.9379
13.8129
14.1179
13.5618
13.8796
13.687
14.0587
14.3259
14.1123
13.8988
13.8238
13.8206
13.7549
14.051
14.3337
13.2219
13.534
13.7567
13.1689
13.8455
14.262
13.7376
14.0938
14.0572
14.0473
13.9891
14.3045
13.9855
13.8989
14.3282
13.6465
13.6092
13.8113
13.9125
14.2322
14.0856
14.3165
13.8651
14.129
14.7821
13.4642
14.1934
13.6274
13.8383
14.1868
14.2318
14.494
14.4547
13.361
13.5744
13.5516
13.8423
14.5307
14.1165
14.1736
13.5694
13.7595
13.6577
13.9575
13.7911
13.7945
13.5141
13.8656
14.1378
14.1681
14.0644
13.8093
14.2426
13.9299
13.5515
14.1622
13.6427
13.6589
13.8533
13.6897
13.459
13.963
13.9092
13.7408
14.5096
14.0029
14.1897
13.7582
12.8787
13.7611
13.0236
13.7872
13.8029
14.1411
14.1948
14.3635
14.2336
13.8804
13.8734
13.9266
14.2697
13.5872
13.5153
14.1003
13.2518
13.8633
13.8219
13.4327
14.1562
13.6185
13.5797
13.3855
13.5509
13.9756
13.895
14.2112
13.7216
13.5069
14.4713
13.7124
13.5654
13.9103
13.4077
14.1198
14.0713
13.6145
13.8078
14.763
14.2412
14.019
13.4082
13.8501
13.6873
13.6497
14.2495
13.828
14.2411
13.8948
13.562
15.1283
13.7083
13.3754
13.7952
13.8844
14.3083
14.1447
14.3137
13.5208
14.0652
14.6728
13.9197
14.3045
14.2261
13.7842
14.121
14.1893
13.7689
13.4222
13.4678
13.4618
14.1297
13.8607
13.8622
14.4918
13.8806
14.524
14.1249
13.9821
17.7825
17.9411
17.8972
17.6754
17.4192
17.8574
17.1894
16.7508
16.5551
17.5831
17.5685
16.8753
17.1486
16.6702
17.3935
18.2024
18.4856
17.8719
18.0169
17.2078
19.0831
18.5058
17.819
17.4571
16.9105
17.3011
17.07
17.7477
17.2701
17.6051
17.9584
17.8812
18.0907
17.5192
19.1472
17.5633
17.611
17.5841
16.8416
18.0964
17.7969
18.7804
17.1163
18.2399
17.4347
17.9957
17.6853
17.9273
17.4303
18.0912
17.8444
17.4161
18.5563
17.5226
16.503
17.3368
18.0123
17.4592
18.2548
19.008
17.8823
17.9973
17.6836
16.6904
17.7767
17.5106
17.5135
18.5707
18.1486
17.9679
18.3987
18.5388
18.1742
17.792
17.3392
16.8564
17.8655
17.8437
17.8691
17.2987
17.0842
17.4966
17.6789
17.6265
17.5006
17.4613
17.7368
16.7721
17.6064
18.3217
17.3776
17.3853
17.3698
18.1791
16.9452
17.8388
17.423
17.0333
17.5033
17.1191
16.5376
17.4518
17.3774
16.8285
18.7011
17.3849
16.7915
16.7561
17.9956
18.1488
17.1531
17.738
16.6824
17.6475
17.8456
17.7937
17.3153
16.2261
16.399
17.1338
17.2809
18.0519
17.4412
17.3766
17.9827
17.8786
16.865
17.1646
17.1121
16.7122
16.6415
17.8172
16.2696
16.9411
18.9563
16.5885
17.3446
17.7327
16.857
16.5676
18.6319
17.6013
17.3615
17.8988
16.1197
17.136
18.1612
17.4446
17.4291
17.0669
17.1909
17.9906
17.8188
17.5232
17.6655
18.2255
17.8796
17.0846
18.3346
17.0327
18.2784
17.5023
16.9454
17.4435
17.7521
17.9903
18.2369
17.3225
17.2214
17.6202
17.7791
17.6544
17.5387
17.034
18.0874
19.0274
18.015
17.1129
17.3975
16.9593
17.3907
18.1584
17.5289
17.0449
17.7794
17.0121
16.7495
17.9352
16.9676
16.1936
17.4282
18.0342
18.7674
18.8842
18.1943
16.1972
17.413
18.0655
17.1431
17.155
17.8011
17.2578
17.1909
17.6803
18.3881
17.7901
17.2874
17.9121
16.8412
18.2483
16.5374
17.5741
16.8964
16.3393
17.0703
17.3922
18.4205
17.4774
17.7238
16.1176
16.1404
17.0945
18.5162
17.7912
16.8418
17.4796
17.3179
17.0799
18.0141
17.4988
16.3163
16.8226
16.3858
17.1518
16.9076
17.1185
17.7955
17.4151
17.3468
16.8676
17.4352
17.7527
17.1213
17.9162
17.2255
17.7614
18.3334
17.4033
17.7275
17.4884
16.6862
17.5413
18.0389
16.4773
18.0183
17.6204
17.4617
17.0516
17.391
17.6096
17.2201
17.8314
17.9069
16.8589
16.559
17.4549
17.3651
17.4915
17.2802
17.4433
17.3049
16.8984
17.0569
16.4878
17.1222
17.5219
16.3758
16.7164
17.5183
17.6537
17.9971
18.1994
17.4506
16.7019
17.4289
17.9461
18.3129
18.258
17.1589
16.9259
16.9349
17.4785
17.6805
18.0246
18.0437
17.2704
17.0417
17.517
17.5273
17.9764
17.576
18.4992
17.2677
17.3904
16.7193
17.5473
18.0312
17.7048
18.6207
16.8944
16.8107
16.8699
17.1323
18.4941
18.0711
17.1522
17.6918
17.0103
18.0126
18.1823
16.7573
17.2158
17.699
17.626
18.1081
18.2854
17.4479
16.7804
17.7231
17.3212
17.3289
17.8236
17.7647
17.4538
17.3168
17.8574
17.5917
17.6414
17.7356
17.7786
17.8315
18.4853
17.4616
17.5254
18.1272
18.53
17.6579
17.4229
16.9354
16.1853
16.7215
16.5545
17.4413
17.6453
17.6477
16.3705
16.9449
17.127
16.2995
18.4052
17.082
17.103
17.4482
18.0674
17.3091
16.7344
17.1785
16.8713
16.8018
17.452
17.2509
16.3501
17.1376
16.5873
17.1789
16.8214
17.3224
18.6175
17.775
17.9817
17.6765
17.526
17.2808
17.235
17.3685
17.6964
16.4437
17.6023
16.4196
16.7264
17.6471
17.6917
17.5155
17.3674
18.3518
16.4582
17.1769
18.0438
17.2573
16.6985
16.3252
16.1487
17.2903
19.356
17.8686
17.2113
17.6643
17.1416
17.1756
17.2615
16.5383
16.5242
16.9062
17.9209
17.4837
17.4145
17.5666
18.1612
18.0829
17.397
17.76
18.6836
18.4485
17.2677
16.9418
17.2101
17.053
17.3791
17.3264
15.8994
16.8011
16.4796
17.7537
18.0777
18.2562
17.1092
17.9453
16.3818
16.2213
17.9635
17.2397
17.6014
16.9774
17.4014
18.0377
16.9883
18.0061
17.3579
17.8925
18.2685
16.8759
16.5934
17.8023
17.6082
17.7144
16.9978
17.6413
17.4679
17.0117
17.1892
17.5635
17.3583
17.578
17.8907
16.9837
17.3905
17.5982
18.0378
17.895
17.9096
16.8959
18.011
18.7705
17.7183
17.9619
17.0016
17.781
16.9816
17.1275
17.0739
17.1688
17.2667
16.7061
17.39
16.8263
17.5802
17.1429
17.6962
18.1024
17.2617
17.3486
17.8213
17.7403
17.7399
17.092
17.5341
16.9994
15.5853
18.1696
16.6888
17.3205
17.8697
18.0097
17.54
16.3411
18.8873
16.7817
17.427
18.2459
17.564
18.0093
17.9137
17.0263
16.406
16.8794
16.4694
17.5916
17.6549
17.2959
16.6298
16.8799
17.3084
17.1743
16.8637
17.1114
17.2519
17.455
16.9929
17.706
17.6237
17.8648
17.2495
17.4428
17.0131
17.6439
18.1194
17.1516
17.032
16.7343
17.5004
17.6476
18.7304
17.2425
18.0536
18.3207
17.2925
17.825
17.1268
16.8392
17.9755
18.0846
17.0347
19.5755
17.2186
17.6615
17.98
16.921
17.2183
17.7092
18.1769
18.929
18.2876
17.1022
17.4778
17.9139
17.4835
18.0141
17.3802
17.1194
17.3221
17.9254
17.3798
17.2905
17.7851
16.8005
17.7525
18.1157
18.5296
17.7557
17.5706
17.851
17.8107
16.5344
17.1306
18.7208
16.543
18.6023
17.027
17.4937
18.5321
17.3752
18.2693
18.1213
18.2788
17.0937
17.8851
18.0389
17.9712
18.0974
17.2737
17.3038
18.3395
16.5956
17.7094
18.257
17.3672
17.1912
17.6613
17.9492
17.0326
18.2181
17.5094
17.3637
18.4253
17.6703
17.4928
18.3626
17.4902
17.4234
18.8078
18.072
17.4478
18.4029
17.7974
17.8111
17.9611
17.4893
17.032
17.4166
16.8617
16.3987
17.0843
16.8192
17.5063
18.207
16.9447
18.0395
17.4149
18.0786
17.9108
17.0582
17.5402
17.1256
17.843
18.0879
16.9167
16.4671
18.0455
17.6467
16.8218
18.2328
16.7245
16.706
16.9973
16.8655
16.6911
16.8995
17.872
17.3997
16.6888
18.3106
16.8771
17.6499
17.1953
17.1348
17.227
17.9381
17.4155
16.9247
17.4658
17.508
17.9969
17.8233
18.1326
17.8876
17.2596
17.6747
17.1032
17.3146
17.216
16.5542
16.9893
16.9573
18.8261
18.7248
18.3923
18.0096
16.898
17.3833
16.8783
17.3264
18.5281
17.9077
17.5312
17.5504
18.7359
18.0882
17.5492
17.1904
17.8263
16.7417
18.2678
17.1468
18.3477
18.1088
17.3528
18.2053
17.3403
17.2555
17.4486
18.103
17.9797
18.5161
18.1473
19.0807
18.0536
18.169
17.8611
17.3013
17.1381
17.3789
17.1827
17.7572
17.4492
17.7121
17.5509
17.4297
17.6464
17.7559
17.4483
17.3354
17.8364
17.6443
17.2293
16.6515
17.4053
17.2925
17.4244
17.76
17.3607
16.882
17.2526
17.6941
17.9323
18.5272
17.2283
16.9247
16.4508
17.0736
18.2168
17.244
17.661
17.4682
17.621
17.3608
17.363
17.5628
16.7319
16.9012
17.1198
17.6115
17.628
17.6638
18.0193
17.2056
17.923
17.9141
18.2237
17.9863
17.4343
17.6198
17.2643
17.7485
18.0112
17.1992
17.6426
17.6154
17.3822
17.8943
17.1934
17.3007
18.6049
17.1728
17.3499
17.5669
17.008
17.8286
17.4119
18.542
17.1492
16.9951
17.9432
18.2023
18.9699
17.5195
17.8214
18.0138
17.0902
17.2611
18.6159
17.6146
18.3584
17.7373
18.2629
17.6959
17.7891
18.3917
18.1856
18.1565
17.8117
17.9534
18.766
18.0133
18.5321
17.8694
17.6035
17.8352
17.5652
17.1421
17.0971
18.5049
17.7501
18.1572
17.7109
17.5049
17.5174
17.9653
18.6441
17.4543
18.9163
18.1181
17.6931
17.8821
17.2331
17.4202
17.4451
18.5852
17.8686
17.7166
17.4433
18.1473
18.2681
18.6231
18.1485
17.2857
16.6169
17.461
16.9166
16.3246
18.2558
18.6954
17.0904
17.8252
17.4124
17.7743
18.4705
17.508
16.8382
17.0672
17.5226
17.9485
17.9319
17.4582
17.1891
16.3402
17.7971
17.852
18.1875
17.9445
17.4849
17.9446
18.0848
17.2843
16.8871
18.4448
