10.8386
11.2139
10.8974
10.9165
11.1419
11.4938
10.7803
11.0046
10.9492
10.8712
10.8162
10.787
10.6103
10.4214
10.4637
11.0446
10.9424
10.8293
10.8743
10.6347
10.3604
10.934
10.7524
10.654
10.7795
10.6943
10.6802
10.5892
10.919
10.9584
11.0246
11.1596
10.8526
10.6158
11.1775
10.8955
11.1255
11.0056
10.6582
10.7729
10.966
11.049
10.836
11.0921
10.9814
11.0662
10.9048
10.8736
10.7595
10.9929
10.9043
10.8695
10.6747
10.6891
10.8977
11.2305
10.9787
10.7516
10.6685
10.9413
10.6896
11.1116
11.0683
10.6443
10.8522
10.8394
10.8211
11.3476
11.1658
11.0768
10.9621
10.7349
10.9964
10.8775
11.1609
10.9179
11.0871
10.7053
10.9756
10.9206
11.1904
11.1259
11.1941
11.2004
11.0536
11.0117
10.7833
11.1766
11.0289
11.4705
11.5406
11.2714
11.0227
11.418
11.1872
11.1054
11.2826
10.9672
10.9549
11.0928
11.431
11.3447
10.946
11.1578
11.0706
11.1139
11.5529
10.9459
11.2137
11.1391
10.9424
11.465
11.2213
11.1933
10.9349
11.2711
11.1531
11.1402
10.9446
11.0549
11.0288
11.0984
10.9814
11.4748
11.2086
11.3156
11.2481
10.908
11.1171
10.9611
10.983
11.0131
11.1228
11.1973
11.5249
11.0209
10.9284
11.1119
11.2576
10.8814
11.1325
11.2721
10.9055
11.0165
11.0618
10.9127
11.2695
11.3867
11.0589
11.0081
11.4205
11.241
11.1309
11.232
10.6705
10.8119
11.1265
10.9392
11.2256
11.1724
11.2078
10.9824
11.0139
10.8998
11.0082
11.1684
11.0855
11.0911
11.0341
10.9166
11.2495
11.1097
11.3954
11.1621
11.244
11.2251
11.3157
10.9807
11.0561
11.1491
10.9806
11.0352
11.0122
11.1227
11.1186
11.1477
11.1644
11.3075
10.9902
10.9882
11.2229
11.0577
11.0489
11.3628
10.8615
10.7707
11.013
10.922
11.0538
11.1421
11.4074
11.0467
11.2583
11.0565
10.968
10.7684
11.1054
11.1821
10.7181
10.8637
11.2001
11.2792
11.1442
11.1377
10.9896
11.061
11.1498
10.8797
11.0194
11.0839
11.2648
11.2804
11.0964
11.2683
10.8266
11.4333
10.8769
11.2318
11.1446
11.0008
11.0279
11.0886
11.1411
11.1834
11.247
10.9707
11.3064
11.1214
11.0589
11.1666
10.7854
11.1498
11.2479
11.0891
11.1242
11.2063
11.4345
11.3002
11.2922
11.1336
10.9864
11.1173
11.1136
10.8405
11.0506
10.7503
10.811
11.1174
11.3525
10.9282
10.9049
11.2932
10.9397
10.7903
11.0573
11.117
11.1063
11.4301
10.846
10.7702
10.8184
11.0021
10.8777
10.8539
10.7809
10.9899
11.0561
10.6036
11.2869
11.1506
10.7715
11.0805
10.9997
10.8924
10.8903
10.8385
10.9078
11.1589
11.0309
10.9417
11.0112
11.1595
11.2587
10.8678
11.2716
11.1703
10.9339
11.3329
11.0693
11.287
10.8781
11.1094
11.0375
11.0298
10.6531
10.9825
11.0943
11.0055
11.2549
10.961
10.9229
10.9562
10.9009
11.0387
11.2493
11.3971
10.8196
11.2073
11.0771
11.2677
11.1819
10.9655
11.2522
11.2033
11.1431
11.2084
11.1213
11.3465
11.2285
11.2848
11.1382
11.2861
11.3571
11.2198
11.1263
11.4879
11.3297
11.4152
11.172
11.1352
11.6343
11.403
11.2449
11.4016
11.2649
11.4647
11.0234
11.283
11.2727
11.3262
11.2246
10.9249
11.06
11.2617
11.3246
11.3929
11.3138
11.1316
11.1678
11.5403
11.4194
11.4644
11.2928
11.1428
11.0603
11.1802
11.397
11.4258
11.5624
11.5636
11.4535
11.1635
11.1837
11.4115
11.5046
11.1193
10.9716
11.2596
11.5586
11.5839
11.6635
11.39
11.2136
11.5577
11.1921
11.3879
11.3207
11.135
11.3319
11.5158
11.5994
11.335
11.2845
11.3308
11.5352
11.0989
11.2571
11.5509
11.3533
11.1674
10.9021
11.0487
11.375
11.2263
11.2971
10.9981
11.1475
11.1062
11.1855
11.4598
11.1364
11.096
11.1011
11.1725
11.1906
10.98
11.615
10.9606
11.3916
11.1972
11.5898
11.2842
11.5641
11.4327
11.4551
11.4989
11.1554
11.2319
11.3102
10.9711
11.338
11.07
11.7173
11.4832
11.1623
11.3757
11.4128
11.258
11.1055
11.37
11.2698
11.1866
11.078
11.3012
11.0867
11.5947
11.2516
11.1957
11.1657
11.0961
11.1382
11.2817
11.2089
11.2093
11.0708
11.5193
11.1033
11.3234
11.0423
11.1653
11.3595
11.2524
11.3564
11.4286
11.4188
11.6119
11.0882
11.1158
11.5413
11.2163
11.2146
11.2001
11.215
11.2815
11.554
11.0564
11.4115
11.0794
11.5333
11.2867
11.1831
11.2536
11.3017
11.2866
11.3304
11.0342
11.4357
11.1349
11.1896
11.2545
11.4258
11.5424
11.1912
10.8548
11.1402
11.1511
11.0508
11.2675
11.3581
11.0901
11.1193
11.2117
11.1607
11.0375
11.0222
11.0736
11.0372
11.237
11.1711
11.0164
11.1408
11.4581
10.9952
11.0987
10.9187
11.0375
11.482
11.2259
11.1782
11.1045
11.3111
11.124
11.1661
10.9249
11.1344
10.7891
11.1808
11.13
11.5217
11.2127
10.9498
11.446
10.9602
11.2438
10.8805
11.2163
11.1593
10.9824
11.2033
11.0572
11.0894
11.165
11.053
10.9407
10.8023
11.0545
10.9779
10.8021
11.0426
10.739
11.2451
10.8131
11.4195
10.694
11.0903
10.835
10.0906
10.861
10.9171
11.0723
10.7234
11.1895
10.7132
10.5195
10.9399
10.7473
10.8678
11.0855
10.9159
10.9438
10.9814
10.849
10.8695
10.2265
11.0247
10.9668
10.5377
10.9689
10.8315
10.5228
10.8931
10.984
10.9298
10.9274
11.0818
10.9149
11.1055
10.9944
10.9187
11.0652
10.8724
11.0225
11.0038
11.0729
10.9725
10.928
11.1996
11.1587
10.7992
11.0111
11.3888
10.7541
10.975
10.7851
10.8579
10.8057
10.7542
10.7872
10.8288
11.2014
10.7721
11.1763
10.9861
10.8255
10.9778
11.0796
11.123
10.8102
10.8016
11.134
10.6454
10.9837
10.9948
11.0435
10.7512
11.0606
11.225
10.9337
10.9644
10.7078
10.9544
10.9657
10.9504
11.1413
11.0615
10.6361
11.0787
11.1403
11.2057
11.0816
10.9886
11.1029
11.2662
11.0557
11.0112
11.1036
11.0708
10.9185
11.092
10.9426
11.1155
11.0156
11.2965
10.9054
11.4193
11.4234
11.1574
11.1321
11.1595
11.078
11.2589
11.0754
10.8688
11.0309
11.0753
11.3022
11.2481
11.123
10.9747
11.2223
11.4697
10.9822
10.841
11.0424
10.963
11.3594
11.2982
10.7715
10.8951
11.2132
11.2792
11.1843
10.8879
11.1286
11.0101
10.9732
10.8797
11.0142
11.1168
10.9069
10.9918
11.2018
10.5788
10.9561
10.9692
10.8374
11.1329
11.1972
11.0096
10.6076
11.3437
10.9695
11.1239
11.4081
11.0782
10.8656
10.6194
11.0898
10.5451
10.9002
11.4261
11.0261
10.6549
10.6616
11.043
11.0842
10.9919
11.2351
11.1403
11.1205
11.1939
11.1102
11.173
11.1
11.1248
11.0238
10.8922
11.0636
11.1152
11.1559
11.0215
11.5974
11.2438
11.0797
11.0341
11.0053
10.8237
11.1368
11.1
10.9961
10.6852
11.0129
11.318
10.8899
11.1472
10.8719
10.7853
11.3422
11.0418
11.3701
11.0491
11.0432
11.1196
10.9602
11.1782
11.2042
10.709
10.7593
10.7573
10.9971
10.9725
11.0082
10.6697
11.0795
10.9347
10.9837
10.8268
11.0196
10.9442
10.5846
11.1608
10.9211
10.9422
10.8206
11.0695
11.0614
11.0362
11.0692
10.9142
11.0689
10.7628
10.7732
10.8972
11.0711
11.4657
10.7874
11.0139
10.6239
10.5324
10.4717
10.7883
11.3311
10.8819
10.9866
10.8614
10.7191
10.734
10.646
10.6841
10.6114
10.8484
10.4805
11.0616
11.133
10.9869
11.0194
11.0048
10.9877
10.795
11.0011
10.8788
10.9065
10.8559
11.2441
11.2449
11.0742
11.0307
10.902
11.1174
10.9737
11.1166
10.7679
11.0672
10.7559
11.0576
11.0025
10.894
11.1356
11.1947
11.0073
11.5979
11.5587
11.201
10.9753
11.3936
10.5858
11.3474
11.4905
11.2549
10.9674
11.1948
11.4629
11.1406
11.4574
11.5537
11.09
11.3167
11.0276
11.1591
11.1998
11.5749
11.1382
10.9943
11.2439
11.2139
11.1701
11.3997
11.2813
11.111
11.2212
11.1652
11.074
11.2389
11.0899
11.2944
11.0966
11.0732
11.4469
11.315
11.3536
11.2276
11.3754
11.1881
10.9012
11.211
10.8055
11.244
11.1284
11.041
11.1229
10.7915
11.2493
11.1429
11.3168
11.5359
11.1796
11.4282
11.1295
11.3971
11.4077
11.2379
11.3482
11.3679
11.2993
10.9546
11.3186
11.2504
11.0513
11.4486
11.4655
11.0008
11.2038
11.0074
10.7408
11.3478
11.1917
11.3668
11.1574
11.1253
11.3998
11.235
11.4682
10.8413
10.9368
11.276
11.2983
11.5074
11.6504
11.2646
11.6452
11.4231
11.6121
11.5904
11.5621
11.0794
10.9589
11.2311
11.3884
11.4272
11.1744
11.3648
11.4863
11.3541
11.4627
11.1553
11.2581
11.1531
11.4363
11.4054
11.1982
11.2617
11.3189
11.4742
11.3431
11.2475
11.4568
11.1963
11.3535
11.378
11.2798
11.3444
11.5305
11.2485
11.0934
11.3144
11.548
11.2842
11.1428
11.2061
10.9276
11.3582
11.1557
11.3292
10.8949
10.9264
11.0444
11.3904
11.5711
10.9325
10.9043
11.1285
10.8969
10.8552
11.2173
11.1439
11.0118
10.9646
10.8658
10.9281
11.0409
10.9518
11.2601
11.2697
10.9736
11.0188
10.9529
11.2424
11.0145
11.121
10.8087
11.1163
10.989
10.8262
11.0633
10.6724
10.7749
10.8309
10.8604
10.9824
10.957
13.2696
13.3904
13.4531
12.9174
13.1913
13.194
12.7699
13.6631
13.5969
13.4681
13.3328
13.1042
13.2377
12.5705
12.5174
12.6562
12.3962
12.5318
12.6703
13.0546
12.7756
13.0004
13.0319
13.1707
13.2366
13.0823
12.5628
12.8665
13.3525
12.8846
13.0675
13.4554
12.7213
13.0163
13.0187
12.9035
13.3755
13.498
12.9611
13.0534
13.1695
12.4127
12.5856
13.0365
12.5844
12.9756
12.5753
12.6189
12.2552
13.1556
13.0336
12.6003
12.9745
12.5236
12.929
13.6614
12.6533
12.6101
12.7182
12.1215
12.8338
12.9814
13.1279
13.035
12.8219
12.8692
12.7758
13.0875
13.2539
12.9014
13.0094
12.3092
12.9257
13.0445
13.1826
13.3494
13.586
12.5272
13.3112
12.8428
13.0009
12.8466
12.7336
12.9674
12.9578
13.0694
12.8264
13.2396
13.0016
12.8688
13.0792
12.9438
13.5521
13.4821
13.1328
12.6994
13.1946
13.1332
12.7064
13.4732
13.2498
12.9944
13.2345
13.3097
13.5485
13.5883
13.7337
13.006
12.6994
12.787
12.5253
13.3417
13.4325
13.0123
13.0522
12.9309
13.6056
13.4492
13.3524
13.4739
13.228
12.4011
12.8004
13.1013
13.2204
13.3882
13.9059
12.6726
13.3265
13.1727
13.2286
13.4334
13.9964
13.184
12.5482
13.1425
12.4998
12.7673
13.4363
12.5052
12.1587
13.3761
12.5503
12.4463
14.0408
13.0182
13.4325
13.8341
12.9231
12.9299
14.182
12.8922
12.871
13.0721
12.4985
12.6299
13.2763
12.6983
13.2226
13.7012
12.4472
12.8427
13.7462
13.0082
13.2828
13.0841
13.1135
13.3808
13.2196
12.7936
13.2877
12.9669
13.1999
13.5529
13.2598
13.114
13.5935
12.8377
12.8846
13.7602
12.9735
13.4943
13.3212
13.4011
13.1197
13.3181
13.2637
13.4522
13.0852
12.9594
13.0049
12.8675
12.881
12.8852
12.9089
12.788
13.0718
13.1536
13.0923
13.444
13.7018
13.3907
12.8439
13.1541
13.2609
12.8537
13.1233
13.171
12.6744
12.5776
13.2759
12.9102
13.3967
13.7289
13.3665
13.4857
13.0948
13.3872
13.5867
13.2503
13.8051
12.7868
12.5021
13.1454
12.444
13.2609
13.0101
13.1746
13.2617
13.4731
13.0724
13.4425
13.6842
13.2114
13.1039
13.0278
13.1598
12.8184
12.8589
13.0514
13.3782
13.0168
13.466
13.1531
12.6285
13.2208
12.8062
13.6527
13.331
13.1571
13.5062
13.1285
13.0689
13.143
13.1879
12.7476
12.9486
13.0245
13.4258
13.1175
13.0693
13.1213
12.9791
13.1985
13.997
14.0018
13.2328
13.1191
13.0846
13.0837
13.6421
13.5907
13.1084
12.9423
13.028
13.2684
13.8669
13.5889
13.4572
13.2339
12.6498
12.7611
12.77
12.7124
12.9456
13.1788
12.4537
12.6032
13.098
12.5188
13.669
13.6615
12.8662
12.605
13.0706
13.2807
12.9762
13.7504
12.6306
12.7743
12.7538
12.9975
13.5779
13.0946
12.8007
13.0884
13.0575
12.8046
12.6614
13.0463
12.9629
12.9648
12.8752
12.8301
13.2095
13.5546
13.0911
13.6721
13.3008
13.1196
13.258
12.6805
13.4754
13.1301
12.8348
13.3906
13.4259
13.16
13.3688
14.0437
13.0699
13.3023
13.1204
13.4948
12.631
13.3938
12.8863
13.1816
12.9107
13.3257
13.4829
13.2545
13.4036
13.4315
12.8497
12.3979
12.8478
13.0567
13.7737
13.7536
13.6978
12.1426
12.8661
12.9354
13.4705
14.0564
13.6888
12.7823
13.3644
13.1435
13.5034
13.7977
13.0655
12.8195
12.8034
12.7909
13.4948
13.4939
14.1835
13.3668
13.515
13.5289
13.5427
13.8549
13.4513
12.3597
12.2874
12.9276
13.3314
12.876
13.2794
13.0928
13.2453
12.8276
13.1202
13.085
13.809
13.5055
13.5481
13.5222
13.5218
13.0257
12.8695
13.5925
12.6542
13.1893
13.2797
12.9114
12.8079
13.2807
12.779
13.3555
12.8961
13.1312
12.434
12.405
13.2724
12.6256
13.6797
13.0541
13.2152
14.1421
12.9413
12.5187
13.4098
12.4711
13.5149
12.5826
12.7786
13.3412
13.7459
13.4892
12.7523
13.1729
13.445
13.3576
12.7973
12.853
13.1129
12.9489
13.6335
13.5294
13.401
12.5851
13.1136
13.2951
13.0214
13.7497
13.6166
13.1977
13.0684
12.8628
12.8722
13.7482
13.3535
13.1288
12.9127
13.6037
13.982
12.8391
13.3594
13.4825
13.2732
13.1556
12.4998
13.4884
13.2706
13.5451
13.231
13.2546
12.9893
12.6632
13.2347
12.8019
13.1434
13.3968
13.0808
13.1079
13.3829
13.3703
13.1789
13.3819
13.2889
12.6537
12.683
13.072
12.6032
12.4566
13.2307
12.9768
13.4606
13.6277
14.0892
12.9624
13.1593
12.5165
12.7378
12.7684
12.4617
13.3636
13.6091
12.7568
13.5689
12.4638
13.5838
13.1777
13.6679
13.1328
13.0066
13.0635
12.6966
13.201
13.0081
12.6201
12.9347
12.3501
12.7932
13.6061
13.3081
13.4413
13.2789
13.1687
12.8943
13.1047
12.9008
12.7072
13.8165
12.9406
13.2409
13.6532
12.9328
13.5654
13.3341
12.9001
13.2604
13.0254
13.0766
13.241
13.1552
13.3108
12.9895
13.2869
12.8667
12.8941
12.6346
13.6045
13.415
13.1242
13.4134
13.0789
13.0996
13.1835
13.256
13.1477
13.0994
12.8948
12.3625
12.5657
12.8272
12.7823
13.1049
12.297
12.1485
12.3863
13.1399
12.8007
12.3036
13.2069
12.7399
13.3048
12.8578
12.9216
13.0095
12.1484
12.371
12.4406
12.5396
13.2014
12.8952
13.0514
12.7364
12.8198
13.0863
12.4985
12.5748
12.4528
12.1986
12.3014
12.1628
12.0673
12.3495
12.5529
13.4166
13.2719
12.8707
13.0071
12.6703
13.2465
12.847
12.2798
12.3719
12.2824
12.4568
12.4634
13.1719
12.7904
13.1253
13.1448
12.2639
13.1118
13.8113
12.6508
13.2974
12.3233
12.1255
12.5886
13.1442
12.8277
13.0289
13.5422
12.5939
13.3777
13.6088
12.8974
13.0849
13.2514
12.8245
13.0441
12.9132
13.2766
13.2933
12.9011
12.6224
12.8988
13.1488
12.7646
13.8096
13.1994
12.7398
13.0229
13.9679
13.0782
13.4311
13.5516
12.7067
12.7493
13.325
13.3178
13.7514
13.1578
13.3519
13.2411
12.6748
13.6013
13.1779
13.598
13.4597
12.8749
13.4369
13.3788
13.0604
13.4596
13.6383
12.7534
13.408
13.1334
13.2386
13.5195
12.6807
13.6309
13.8006
13.1413
13.3408
13.118
13.4238
13.554
12.7582
13.5561
13.0225
13.3738
13.9792
12.9769
12.8057
13.3939
13.2577
13.6979
13.0013
12.7622
12.5211
13.2106
13.6087
13.1618
13.3167
13.1602
13.1953
13.3048
12.91
13.4593
13.68
12.7435
12.9922
12.4692
11.9855
12.8782
12.5682
12.9896
12.8696
13.3978
13.1401
12.4934
13.8488
13.0292
13.0961
13.1507
12.5041
13.1384
13.0092
13.6567
12.798
12.7452
13.6236
13.1681
12.9806
13.1997
12.9918
13.4289
13.0617
13.1527
13.2747
13.6503
13.394
13.4812
13.0857
13.3256
13.1344
13.742
12.9532
13.4409
13.4635
13.1304
13.2712
13.7879
13.6543
13.2235
13.6797
13.5633
13.174
12.9969
12.6281
13.3587
12.9008
12.5341
13.3591
12.6932
13.4652
13.4085
12.8014
13.1162
12.9911
12.8982
12.933
12.8452
13.2034
12.3588
13.2574
13.4248
12.7915
12.8735
12.832
12.9017
12.8639
13.0783
12.9802
12.9985
12.5471
12.3844
12.4809
12.6531
13.8427
13.2162
13.7204
13.3362
12.8729
12.9746
13.5478
13.4104
13.0386
13.314
13.2045
13.4398
13.0392
13.0234
13.1678
13.3911
13.5503
12.6513
13.2124
13.299
13.3311
13.0417
12.5637
12.8697
12.7956
12.8145
13.226
12.1735
11.9354
12.8719
12.8221
13.16
13.0759
12.7283
12.9286
12.9004
12.6747
12.7769
13.0435
12.8902
12.5273
12.457
12.3521
12.6088
12.7703
13.4132
13.0734
13.0485
12.9736
13.1817
13.8084
13.382
12.8382
12.1065
12.8017
12.9126
13.2982
13.0335
12.6726
12.9011
12.7528
13.214
13.2405
14.0556
13.247
13.0521
12.7967
12.6241
13.1668
13.5417
12.5509
12.8331
13.052
13.3703
13.3011
13.7523
13.9753
13.3613
12.634
13.0337
13.2463
13.1479
13.3093
13.7981
12.7172
12.7274
13.0602
12.528
13.3834
13.6274
13.1724
13.3984
13.0732
12.9219
13.4433
13.2439
13.2006
13.0548
12.8135
13.2305
13.2154
13.1839
13.1453
13.3517
13.5935
12.9916
13.0857
12.9746
13.858
12.8238
12.6549
13.1134
12.21
13.8436
13.1557
13.4015
12.9119
12.464
13.2608
12.9131
12.8911
13.8976
12.9171
13.8042
13.2428
13.0383
13.1359
13.5581
12.8912
13.1525
12.925
13.249
12.9611
13.4416
13.2446
12.4273
13.5944
13.3194
13.0715
13.6788
12.7311
13.4302
12.759
12.8122
12.9843
13.259
13.7018
13.4144
14.0925
13.7435
13.9261
13.3593
12.7304
13.506
12.4319
13.5338
12.9427
12.3874
13.4258
12.9148
12.9775
13.2608
13.62
12.8744
12.9753
13.3011
12.863
13.5466
13.0421
13.4265
13.382
13.3417
13.2391
13.4044
13.4005
12.4714
13.4248
13.2619
12.9804
13.7242
13.2105
13.1209
13.4054
12.6026
13.356
13.1495
13.0915
13.6438
13.4926
13.1735
13.2301
13.0697
13.3367
13.2749
13.1012
13.2712
12.6949
13.1813
13.9192
13.5269
13.5096
13.318
12.78
12.6185
12.3286
13.0388
13.2266
13.0578
13.1693
12.5579
12.8692
13.274
13.2709
13.9653
13.221
13.5056
12.9645
12.5736
13.325
12.6505
12.8077
12.5001
12.8001
12.6814
12.8433
13.2267
12.6478
13.1151
12.8984
12.7749
12.9508
12.5663
16.5141
17.3399
16.7157
16.705
17.1622
16.0609
17.0227
16.5879
15.8731
16.5189
16.1238
16.6342
16.7133
16.0827
16.9317
16.6562
17.6231
17.2276
17.1819
16.8291
17.2761
17.115
16.4401
16.1884
16.2873
16.6819
16.3901
16.6665
16.6834
16.8919
16.4394
17.4153
17.6389
16.2952
16.9491
16.3146
16.68
15.7097
16.2475
17.0859
17.0121
15.7298
16.8454
17.6507
16.6323
17.3623
16.5311
17.6334
16.9947
16.2423
17.4927
16.5326
15.8283
16.6418
16.2084
16.743
16.7845
16.3051
16.7527
17.5321
15.9369
16.4231
16.5935
15.9956
16.885
16.7974
16.8406
16.6807
17.7931
17.2565
16.7825
16.678
16.924
15.6956
17.1537
16.0044
15.8869
15.8339
16.2354
16.1959
16.3591
16.1074
16.7269
17.0316
16.8474
16.3827
15.2573
16.3113
16.0756
16.8186
16.4891
17.245
15.7617
16.1915
16.607
17.6231
16.4417
16.0894
16.5017
15.9497
16.1715
16.5567
15.8309
16.56
16.0865
15.5731
16.3618
16.2001
16.7762
17.7206
16.8558
17.4053
16.5163
17.0824
16.4044
16.1108
17.0594
16.0316
16.1416
16.6297
16.4953
16.6551
17.0167
16.9643
17.022
17.2267
15.8988
16.6477
16.5997
16.3342
16.2709
16.1479
15.8754
16.2897
16.6851
16.2446
16.8685
16.5197
16.4001
16.0943
17.8822
17.2584
17.0613
17.4146
15.7602
16.3303
17.6099
16.9718
17.191
15.8472
16.5297
16.9104
16.8712
17.3822
16.4446
16.3464
16.2071
16.1168
17.9094
16.424
15.9844
16.3923
15.9635
16.6156
16.8832
17.2781
16.8322
16.0016
16.3455
16.4656
16.6561
16.7807
16.7306
15.4341
17.0638
16.456
17.5156
16.5876
16.4229
16.2919
16.644
16.0274
16.0867
16.2632
17.2919
16.5593
16.1247
17.5097
16.5781
15.9229
16.7577
17.3368
17.1123
17.4936
16.2386
16.1093
16.409
16.1639
16.839
16.832
16.4533
16.1631
16.7925
16.6344
15.756
15.6377
17.1152
17.1716
15.6192
16.5405
15.8671
17.0319
16.2017
16.2628
15.5439
15.6888
16.6024
15.2771
15.0247
15.5385
15.8314
16.4087
17.6656
16.2578
15.9232
16.9876
15.2915
16.909
16.6823
15.6687
15.3023
16.498
15.7791
16.4027
16.1643
16.2242
16.7852
16.0108
17.1328
16.515
14.9755
15.7377
16.6617
16.4227
16.3969
17.5155
17.2459
16.8564
16.2537
16.7476
16.0791
17.0656
16.7536
15.8807
15.7872
15.5029
15.4054
16.6641
15.9217
16.8104
16.428
17.5875
16.6592
16.0809
16.0308
16.1477
17.095
16.4693
16.6026
16.7566
16.6172
16.544
16.1517
16.0676
16.9916
17.1005
16.0105
15.6443
17.3235
16.8398
17.2321
17.74
16.5111
16.6328
16.7678
15.7357
17.482
17.1567
16.8605
15.661
16.4628
16.8451
15.3824
16.8076
17.2893
17.0358
16.4839
15.6547
16.8247
15.9558
16.5995
17.1563
16.3093
15.9448
16.0925
16.4909
17.5412
17.1288
16.9618
16.7423
16.3891
16.2074
16.8813
17.4985
17.5923
16.0043
16.5893
16.8583
16.6865
17.8144
15.8644
17.1155
16.1784
17.0354
17.6725
17.3174
16.6951
15.8253
17.1432
16.2125
16.1552
16.5333
15.635
15.6553
17.1144
17.2999
16.9666
17.2149
16.2549
15.0729
17.174
16.5738
16.1004
16.9579
17.8289
16.9939
16.212
17.0433
16.0471
15.6365
15.8965
16.4933
16.0909
16.6192
16.1089
15.4657
16.3667
16.9177
15.8477
18.0857
16.28
16.4621
16.9956
16.5335
16.324
16.4292
16.9045
16.3594
16.5272
16.1273
16.4793
15.8327
15.9678
16.1454
17.1477
16.356
17.0065
17.2293
17.1409
16.6868
16.7964
15.8123
16.9293
15.5486
15.8272
16.1094
15.522
16.06
16.3786
16.3844
17.4965
17.6321
17.2951
16.8279
17.4782
15.5331
16.0178
18.0059
16.9286
15.8126
15.5872
15.7774
17.0102
16.8913
17.0928
16.3694
16.1721
17.037
16.2099
16.3384
16.3334
15.2018
16.4188
15.0741
16.7804
16.8482
17.4488
15.8827
17.7017
16.4631
17.5583
16.3444
16.5968
16.9417
16.9063
16.8996
15.9635
17.2403
16.8371
15.7228
16.7121
15.5051
16.5183
17.6753
15.8504
16.5421
15.7443
16.1742
15.6948
17.6257
16.662
17.1561
16.8597
16.4591
15.7924
16.8041
17.8871
16.9291
16.1109
16.4967
16.1468
16.4591
17.1059
17.1803
17.2376
16.2963
15.9327
16.6057
15.6449
16.7758
16.7527
16.7164
17.4561
17.4318
16.3377
15.9008
16.3502
16.1687
17.2177
16.4231
16.5692
16.76
16.1648
17.3586
16.9484
16.4918
16.811
16.2012
16.7653
16.9239
16.1877
16.5975
16.1031
16.241
16.4275
17.0861
16.8487
17.1791
17.2674
16.9928
17.1265
16.8482
16.192
15.7265
15.8455
16.5318
15.133
14.989
18.023
16.4616
16.7823
16.7318
16.3849
16.2809
15.6593
17.7506
16.2763
16.0927
16.3493
15.0398
16.1785
16.6111
16.2668
16.1568
15.7435
15.6092
16.444
16.9976
16.7844
15.3644
16.3549
16.3744
15.8726
16.4199
16.9771
15.9596
16.9026
16.5864
16.8775
16.9061
15.8136
16.186
16.7183
16.5437
17.1148
17.2192
16.2861
16.1307
15.8368
17.262
17.4527
17.6698
16.6438
16.0617
16.1167
16.1113
17.4598
15.8013
16.6007
16.184
16.9341
16.0381
17.0902
16.5375
16.5901
16.9533
16.7015
15.9906
16.4325
16.7723
15.8019
16.8287
15.7999
16.4972
16.4738
17.2131
16.9535
16.4288
16.0469
16.6519
16.5132
17.1455
16.9316
16.7305
16.7038
16.4915
16.6946
18.0154
17.5797
16.8618
17.1514
17.2188
16.1932
16.8283
16.3815
15.6469
17.1505
16.8127
16.8052
16.7275
17.0081
17.3707
17.825
16.458
17.037
17.0835
17.6855
17.1107
17.6429
16.5638
16.3026
16.2157
16.1248
17.2859
17.6783
16.7612
15.4808
16.3446
16.3817
16.3233
17.407
16.6586
16.2512
16.773
16.3016
16.7024
17.3586
15.8366
16.6965
17.6773
16.2031
16.6787
17.7125
17.4305
16.1145
17.285
16.5126
16.2709
16.4632
16.2512
15.8209
16.6066
16.1974
17.3056
16.8847
15.8782
15.8854
16.4464
17.2098
16.6202
16.3437
16.8747
16.679
16.3991
16.7484
16.6809
16.1309
16.7439
16.7887
15.8731
16.385
15.9833
16.1595
16.5998
16.6942
15.6926
15.5082
16.5532
16.2841
16.6129
17.0968
16.6298
15.3833
15.929
16.6224
17.103
17.4654
16.6319
16.3588
16.9396
16.6271
16.4179
15.795
16.2755
16.2137
15.8256
16.2164
15.8953
16.7215
16.839
15.7869
15.7794
15.9726
17.3843
16.702
16.3982
16.6065
16.3066
16.4656
16.1611
16.9458
17.0384
16.6858
16.6295
17.1637
16.0721
17.3045
16.3685
16.6307
16.5564
16.4858
16.8561
16.3839
16.5368
16.4341
16.3535
16.6855
16.2439
15.6025
16.5636
16.8461
17.3263
15.9189
15.7081
16.4605
16.4311
17.6862
16.4371
16.6772
16.6343
16.54
16.286
16.3894
16.8853
17.0354
16.5106
16.031
16.8303
16.8648
17.1012
16.8261
16.4396
17.0042
16.7417
16.1917
16.5128
15.7401
16.246
16.702
16.6009
16.4238
17.0207
16.5576
17.0172
16.9613
16.3004
16.0457
16.1145
16.165
17.6594
16.611
16.8315
17.224
16.6191
16.7645
17.0477
16.2162
16.3825
16.04
16.8472
17.2041
16.3325
15.4756
17.3325
15.8955
16.7024
17.1091
17.4666
15.8561
15.6828
16.899
16.6233
17.5969
16.391
16.9309
17.2953
16.6553
15.4269
16.8517
16.9774
16.0962
16.8081
16.0823
17.1071
16.7682
16.2905
16.8501
16.8361
16.3062
16.0291
16.0441
17.4702
17.8602
18.0082
16.8094
16.6868
16.9799
16.3877
16.7905
16.573
15.561
16.3461
16.9042
17.3635
16.9287
17.3813
17.1227
17.2678
16.8504
16.7948
16.9532
17.5843
16.5016
17.0146
17.1565
17.1909
17.1
15.9781
16.3112
16.6021
16.8482
16.7043
16.9748
16.2151
16.3799
16.5875
16.4357
16.9377
15.9964
16.4443
17.3025
16.4167
16.7687
16.165
16.5903
15.5021
17.9554
16.8865
15.7448
16.263
16.8688
17.6374
16.5949
17.2167
16.6984
16.0564
16.2776
16.0973
16.0497
16.5248
16.4801
15.6022
16.5181
16.7192
16.9927
18.0006
17.0665
16.6402
16.3318
16.2248
17.0368
16.8936
16.8636
16.5757
15.6623
17.0305
17.1828
16.6696
16.5523
17.3604
17.6352
17.0568
16.936
15.8227
16.4297
15.4087
15.8318
17.3491
17.344
16.8476
16.4322
16.5376
17.2087
16.5262
15.9695
17.1885
16.5419
15.7038
16.0688
16.1534
16.843
17.1089
15.8159
17.8021
15.5421
16.9125
16.3274
16.4794
16.5882
16.3578
16.5371
17.2461
16.2742
15.4645
16.1512
16.9274
15.9187
16.6605
17.3396
17.178
16.9497
16.446
15.196
15.4336
16.718
15.8387
15.9161
16.9237
15.9183
17.2512
16.7748
17.5331
18.1098
17.5347
16.1509
16.4743
16.1617
15.5909
15.9803
15.6816
16.284
16.5542
16.1007
17.1706
15.686
16.8038
16.854
16.5287
17.0187
16.6248
15.8647
15.6183
16.8408
15.8786
17.03
17.5995
17.5127
16.0572
16.7118
16.841
15.3177
16.7301
16.7371
16.2073
15.5431
16.5113
16.4405
16.4207
16.9219
16.955
16.0874
15.8825
18.2729
15.3271
16.8127
16.7052
14.9411
16.9248
15.7405
15.6455
17.7676
17.1019
16.9196
17.5491
17.0988
16.7588
16.2671
16.5612
16.2355
16.3881
16.0371
16.6342
16.9554
16.1446
16.9295
17.2367
16.8727
16.8197
18.0607
16.3717
16.787
17.4213
16.7952
16.6562
16.8103
16.6339
16.6591
16.5214
16.0137
16.1472
