6
0 0.000000000000e+00
1.1821688459842368 -1.8490979280971458 -4.833623327836452
-0.8815867585133483 1.6719337976732345 4.4713227659682575
1.8708140750011661 -2.145277010370195 -1.25021064637836
-1.9686422300306272 -0.2542435271512985 -4.562335189062456
-3.2077483165288343 0.37128651198624746 6.767320553245145
-1.4658622620329131 4.840536890893614 4.796382494935675
6
1 3.000000000000e-02
1.1821688514786155 -1.849097930669441 -4.833623334452383
-0.8815867610187471 1.6719337994601595 4.471322777134649
1.870814108304755 -2.1452770256127254 -1.2502105000544088
-1.9686423802751933 -0.2542434513145101 -4.56233518302856
-3.2077483200418353 0.37128651207355284 6.767320569477892
-1.4658622696878159 4.840536940697346 4.796382513439873
6
2 6.000000000000e-02
1.1821688678861628 -1.8490979383492878 -4.833623354205691
-0.881586768520204 1.6719338047935335 4.471322810554456
1.8708142081769699 -2.1452770713195313 -1.2502100612157812
-1.9686428308671615 -0.2542432238778442 -4.562335164923095
-3.2077483305940655 0.3712865123152488 6.7673206181647965
-1.4658622926477993 4.8405370901179925 4.796382568918452
6
3 9.000000000000e-02
1.182168894986725 -1.849097951032374 -4.833623386797798
-0.881586780975578 1.6719338135934214 4.471322865995241
1.870814374505373 -2.1452771474150234 -1.2502093302449575
-1.968643581394572 -0.25424284505087136 -4.562335134740389
-3.2077483482195412 0.37128651265162005 6.767320699275622
-1.4658623308998247 4.840537339193345 4.796382661271259
6
4 1.200000000000e-01
1.182168932421633 -1.8490979685491902 -4.8336234317468225
-0.8815867983157049 1.6719338257303764 4.471322943080949
1.8708146071147862 -2.145277253791487 -1.2502083077217059
-1.9686446312375943 -0.2542423151463414 -4.562335092459656
-3.207748372973064 0.371286512983078 6.767320812768794
-1.465862384422349 4.8405376879857664 4.796382790333885
6
5 1.500000000000e-01
1.1821689796967225 -1.84909799066012 -4.8336234883800255
-0.8815868204487444 1.671933841030355 4.471323041305134
1.870814905781844 -2.1452773902958544 -1.2502069943610987
-1.9686459796289997 -0.25424163454749066 -4.562335038048771
-3.2077484049396716 0.37128651317205064 6.767320958580062
-1.4658624531860813 4.840538136584073 4.796382955873894
6
6 1.800000000000e-01
1.1821690361900854 -1.8490980170637512 -4.833623555850807
-0.8815868472630133 1.671933859281708 4.471323160051745
1.8708152702442526 -2.14527755675616 -1.2502053909728834
-1.9686476256673888 -0.254240803697082 -4.5623349714604915
-3.2077484442195185 0.37128651304317134 6.7673211366338375
-1.4658625371541723 4.84053868509598 4.796383157605938
6
7 2.100000000000e-01
1.1821691011677515 -1.84909804740595 -4.833623633140607
-0.8815868786313332 1.6719338802425503 4.471323298615913
1.8708157002015453 -2.1452777529588656 -1.2502034984573258
-1.9686495683020742 -0.2542398231127114 -4.562334892634345
-3.207748490941108 0.37128651238516863 6.767321346843193
-1.4658626362827802 4.8405393336594384 4.796383395186087
6
8 2.400000000000e-01
1.1821691738054225 -1.8490980812868498 -4.833623719096689
-0.8815869144148093 1.6719339036473753 4.471323456217184
1.870816195311493 -2.1452779786696445 -1.25020131781976
-1.9686518063085128 -0.2542386934021149 -4.562334801502303
-3.207748545255616 0.37128651095237836 6.767321589111753
-1.4658627505216382 4.840540082433183 4.796383668217498
6
9 2.700000000000e-01
1.1821692532073684 -1.8490981182672785 -4.833623812454829
-0.8815869544664209 1.671933929214803 4.471323632029744
1.8708167551884023 -2.1452782336182663 -1.2501988501813608
-1.9686543382769692 -0.25423741526392407 -4.562334697990664
-3.207748607336899 0.37128650846644357 6.767321863335582
-1.4658628798134876 4.840540931594849 4.796383976257975
6
10 3.000000000000e-01
1.1821693384245682 -1.8490981578791508 -4.833623911867652
-0.8815869986344228 1.6719339566532483 4.471323825197549
1.8708173794065177 -2.1452785175118234 -1.2501960967763077
-1.9686571626257425 -0.25423598948199744 -4.5623345820219505
-3.207748677379598 0.37128650461877216 6.767322169403185
-1.465863024094456 4.840541881335299 4.796384318816191
6
11 3.300000000000e-01
1.182169428473042 -1.8490981996354843 -4.8336240159292005
-0.8815870467651806 1.671933985666025 4.471324034841877
1.870818067503235 -2.1452788300328414 -1.2501930589480077
-1.9686602775841595 -0.2542344169290105 -4.562334453516795
-3.2077487555953628 0.371286499072804 6.76732250719929
-1.4658631832938671 4.8405429318605115 4.79638469536302
6
12 3.600000000000e-01
1.1821695223529354 -1.8490982430419265 -4.8336241232051735
-0.8815870987056261 1.671934015956067 4.471324260085893
1.870818818978154 -2.145279170835501 -1.2501897381617542
-1.968663681179346 -0.2542326985817627 -4.562334312401496
-3.2077488422147393 0.37128649146703424 6.767322876601065
-1.4658633573340534 4.840544083378359 4.796385105331545
6
13 3.900000000000e-01
1.1821696190674182 -1.8490982876045032 -4.8336242322650484
-0.8815871543038256 1.671934047228389 4.471324500052766
1.8708196332900575 -2.145279539553195 -1.2501861360345858
-1.9686673712003226 -0.25423083553648407 -4.5623341586080235
-3.2077489374833927 0.3712864814178486 6.767323277476228
-1.4658635461295992 4.8405453360986 4.796385548118945
6
14 4.200000000000e-01
1.1821697176396908 -1.8490983328398227 -4.83362434169342
-0.8815872134108685 1.6719340791932955 4.47132475388267
1.8708205098504846 -2.145279935787191 -1.2501822543740253
-1.968671345179107 -0.2542288290209298 -4.562333992085357
-3.2077490416545458 0.37128646852311337 6.7673237096868295
-1.4658637495875304 4.840546690229103 4.796386023092159
6
15 4.500000000000e-01
1.1821698171286694 -1.8490983782805552 -4.833624450125905
-0.881587275881624 1.6719341115671387 4.471325020732787
1.8708214480190073 -2.1452803591104113 -1.2501780952077493
-1.9686756003680366 -0.2542266804009939 -4.562333812791921
-3.207749154987091 0.3712864523648211 6.767324173081693
-1.4658639676059901 4.8405481459626225 4.796386529589786
6
16 4.800000000000e-01
1.1821699166412696 -1.849098423483749 -4.833624556256704
-0.8815873415745515 1.6719341440747746 4.471325299781086
1.870822447102096 -2.1452808090712105 -1.2501736608028622
-1.9686801337246536 -0.2542243911888352 -4.5623336207125975
-3.2077492777455907 0.3712864325126811 6.76732466750208
-1.4658642000746187 4.840549703478681 4.796387066925853
6
17 5.100000000000e-01
1.1821700153450672 -1.8490984680359326 -4.833624658861274
-0.8815874103532129 1.6719341764501296 4.4713255902357725
1.8708235063497183 -2.145281285182041 -1.250168953681392
-1.9686849419022523 -0.2542219630511922 -4.562333415849277
-3.207749410188936 0.37128640852695427 6.7673251927665765
-1.4658644468734188 4.840551362936015 4.796387634391713
6
18 5.400000000000e-01
1.1821701124768011 -1.849098511558215 -4.833624756811449
-0.8815874820853271 1.671934208436201 4.471325891333396
1.8708246249553393 -2.145281786930785 -1.2501639766369215
-1.968690021238543 -0.2542193978131624 -4.562333198230305
-3.207749552574131 0.37128637996223196 6.7673257486862095
-1.4658647078733216 4.840553124470685 4.796388231256043
6
19 5.700000000000e-01
1.1821702073512577 -1.8490985537102573 -4.833624849090556
-0.8815875566427709 1.6719342397863795 4.471326202340744
1.8708258020536532 -2.145282313775093 -1.2501587327515935
-1.968695367751874 -0.25421669746009196 -4.5623329679067055
-3.20774970514495 0.3712863463700823 6.767326335043663
-1.4658649829358101 4.840554988186628 4.796388856772401
6
20 6.000000000000e-01
1.1821702993650467 -1.8490985941923486 -4.833624934789636
-0.8815876339023342 1.6719342702636937 4.471326522552947
1.8708270367186943 -2.1452828651423763 -1.250153225408018
-1.968700977145007 -0.2542138641354974 -4.562332724961624
-3.207749868139498 0.37128630730188417 6.767326951606497
-1.4658652719125416 4.84055695416132 4.796389510179226
6
21 6.300000000000e-01
1.1821703880011392 -1.849098632746541 -4.833625013122564
-0.8815877137443972 1.6719342996406203 4.471326851297264
1.8708283279661044 -2.145283440431703 -1.2501474582875705
-1.9687068448202387 -0.25421090013501785 -4.562332469500887
-3.2077500417713147 0.37128626231241824 6.767327598119602
-1.4658655746459122 4.840559022438228 4.796390190707402
6
22 6.600000000000e-01
1.1821704728288667 -1.8490986691583509 -4.833625083426044
-0.8815877960534976 1.671934327699652 4.4713271879311876
1.870829674755211 -2.1452840390175734 -1.2501414353611326
-1.9687129658850677 -0.2542078079001796 -4.562332201658663
-3.2077502262426005 0.3712862109611893 6.767328274305187
-1.465865890969437 4.840561193021127 4.796390897574579
6
23 6.900000000000e-01
1.1821705535039206 -1.8490987032558135 -4.833625145163397
-0.8815878807177637 1.6719343542317846 4.471327531842446
1.8708310759929967 -2.145284660248032 -1.2501351608749187
-1.968719335184322 -0.2542045900072463 -4.562331921597471
-3.2077504217328787 0.37128615281563904 6.767328979857115
-1.465866220708128 4.840563465887343 4.796391629998413
6
24 7.200000000000e-01
1.1821706297666534 -1.8490987349087262 -4.8336251979113225
-0.8815879676289141 1.6719343790376526 4.471327882447115
1.8708325305382556 -2.145285303454116 -1.250128639333847
-1.9687259473209433 -0.2542012491549358 -4.562331629504392
-3.2077506283952184 0.3712860874524687 6.767329714448465
-1.4658665636783035 4.840565840966957 4.796392387190887
6
25 7.500000000000e-01
1.1821707014371627 -1.8490987640269492 -4.833625241365575
-0.8815880566816913 1.6719344019258267 4.471328239187725
1.870834037206697 -2.1452859679422955 -1.250121875482075
-1.9687327966767756 -0.25419778815213695 -4.5623313255967455
-3.2077508463619 0.3712860144599071 6.767330477727747
-1.4658669196889118 4.840568318163592 4.796393168362097
6
26 7.800000000000e-01
1.1821707684115135 -1.8490987905579483 -4.833625275335292
-0.8815881477738607 1.6719344227135702 4.471328601537041
1.8708355947775572 -2.1452866530095926 -1.2501148742772994
-1.96873987745036 -0.25419420990335895 -4.562331010112637
-3.2077510757406373 0.371285933439222 6.767331269315127
-1.4658672885407762 4.840570897335517 4.796393972725915
6
27 8.100000000000e-01
1.1821708306558798 -1.8490988144845268 -4.833625299725988
-0.881588240806779 1.671934441226272 4.47132896898673
1.8708372019985149 -2.145287357937911 -1.2501076408663778
-1.9687471836720514 -0.2541905173955028 -4.5623306833185175
-3.2077513166107994 0.37128584400547604 6.767332088809982
-1.4658676700288613 4.840573578310768 4.796394799499995
6
28 8.400000000000e-01
1.1821708881999304 -1.8490988358219915 -4.8336253145414405
-0.88158833568407 1.671934457296692 4.471329341062466
1.870838857593816 -2.145288081995928 -1.2501001805571734
-1.968754709247483 -0.2541867136816101 -4.562330345501625
-3.2077515690252985 0.37128574578960594 6.767332935787124
-1.4658680639413288 4.840576360881476 4.79639564790955
6
29 8.700000000000e-01
1.1821709411307812 -1.849098854614373 -4.833625319870468
-0.8815884323123812 1.6719344707653372 4.47132971730694
1.8708405602688092 -2.1452888244504282 -1.2500924987924753
-1.9687624479764636 -0.25418280186801273 -4.562329996971876
-3.2077518330105907 0.3712856384376659 6.7673338098024685
-1.4658684700606712 4.840579244805756 4.796396517185461
6
30 9.000000000000e-01
1.182170989585438 -1.8490988709315912 -4.8336253158755875
-0.8815885306006278 1.6719344814798953 4.471330097289291
1.8708423087178825 -2.145289584564419 -1.250084601123165
-1.968770393586992 -0.25417878509940384 -4.5623296380656395
-3.207752108566676 0.37128552161290657 6.767334710383582
-1.4658688881644681 4.840582229809597 4.796397406569947
6
31 9.300000000000e-01
1.1821710337445583 -1.8490988848660537 -4.833625302787343
-0.8815886304603708 1.6719344892944799 4.47133048059945
1.8708441016297552 -2.1452903615952383 -1.2500764931808155
-1.9687785397579343 -0.2541746665456101 -4.562329269134406
-3.2077523956689875 0.37128539499501956 6.767335637048586
-1.4658693180251958 4.840585315586862 4.796398315310899
6
32 9.600000000000e-01
1.1821710738264055 -1.8490988965300104 -4.833625280896756
-0.8815887318054384 1.6719344940694398 4.471330866844354
1.870845937693524 -2.145291154807783 -1.2500681806525573
-1.9687868801435904 -0.2541704493883634 -4.562328890550453
-3.2077526942627244 0.37128525828127074 6.767336589287254
-1.46586975941193 4.8405885018087424 4.796399242671322
6
33 9.900000000000e-01
1.1821711100798564 -1.8490989060513954 -4.833625250540196
-0.8815888345511711 1.6719344956711717 4.471331255655506
1.8708478156039554 -2.1452919634688383 -1.250059669256324
-1.968795408402039 -0.25416613680977357 -4.5623285027049505
-3.207753004274186 0.3712851111857444 6.76733756657802
-1.465870212089211 4.840591788110517 4.796400187929342
6
34 1.020000000000e+00
1.1821711427798665 -1.8490989135723166 -4.833625212097497
-0.8815889386153656 1.6719344939711742 4.471331646675748
1.8708497340671533 -2.145292786848971 -1.2500509647177964
-1.9688041182140361 -0.2541617319804231 -4.562328106007972
-3.2077533256032176 0.3712849534397217 6.767338568386095
-1.4658706758191227 4.840595174110463 4.79640115037253
6
35 1.050000000000e+00
1.1821711722214217 -1.8490989192458414 -4.8336251659844
-0.881589043916764 1.671934488845859 4.4713320395649285
1.8708516918049078 -2.145293624228194 -1.2500420727486723
-1.9688130033094706 -0.25415723804972956 -4.562327700880925
-3.2077536581250974 0.3712847847914909 6.767339594159675
-1.465871150361291 4.840598659398511 4.796402129305469
6
36 1.080000000000e+00
1.18217119871576 -1.8490989232335413 -4.8336251126393215
-0.8815891503759974 1.6719344801763623 4.471332434001795
1.870853687558094 -2.1452944748959717 -1.2500329990266335
-1.968822057471143 -0.2541526581368749 -4.562327287762225
-3.207754001696206 0.3712846050055922 6.767340643335625
-1.4658716354732644 4.840602243547581 4.796403124044077
6
37 1.110000000000e+00
1.1821712225871583 -1.849098925704736 -4.833625052530913
-0.8815892579148314 1.671934467848167 4.471332829674543
1.8708557200915865 -2.145295338154994 -1.2500237491779618
-1.9688312745650032 -0.2541479953219238 -4.562326867101629
-3.207754356152136 0.3712844138628174 6.767341715341354
-1.4658721309110796 4.840605926109808 4.79640413392695
6
38 1.140000000000e+00
1.1821712441687757 -1.8490989268334697 -4.833624986142944
-0.8815893664563541 1.671934451750913 4.471333226288373
1.8708577881965278 -2.145296213317402 -1.2500143287612864
-1.9688406485495955 -0.25414325263920945 -4.562326439364009
-3.2077547213076967 0.3712842111592651 6.76734280959294
-1.4658726364303944 4.84060970662221 4.796405158304024
6
39 1.170000000000e+00
1.1821712638005735 -1.8490989267979427 -4.833624913968634
-0.8815894759251655 1.6719344317785865 4.471333623557939
1.8708598906931622 -2.145297099712342 -1.2500047432534118
-1.9688501734855115 -0.2541384330718536 -4.562326005019906
-3.2077550969587953 0.37128399670671847 6.767343925502679
-1.465873151785734 4.840613584604797 4.796406196546017
6
40 1.200000000000e+00
1.182171281827427 -1.8490989257791914 -4.833624836520097
-0.8815895862468102 1.67193440782952 4.471334021214899
1.8708620264331028 -2.14529799667652 -1.2499949980370337
-1.9688598435448355 -0.25413353954515217 -4.56232556455498
-3.207755482888115 0.37128377033113374 6.767345062473415
-1.4658736767318115 4.840617559570018 4.796407248036881
6
41 1.230000000000e+00
1.1821712985978017 -1.849098923960141 -4.833624754313231
-0.8815896973489118 1.6719343798062043 4.47133441900225
1.8708641943010331 -2.14529890356554 -1.2499850983903464
-1.9688696530224843 -0.2541285749241191 -4.56232511845867
-3.207755878859439 0.3712835318730181 6.767346219906104
-1.4658742110237186 4.840621631015207 4.796408312183241
6
42 1.260000000000e+00
1.1821713144620525 -1.8490989215256068 -4.833624667871489
-0.8815898091600386 1.6719343476154755 4.471334816679997
1.870866393216219 -2.1452998197520126 -1.2499750494789164
-1.9688795963418764 -0.25412354200895043 -4.562324667231755
-3.207756284623324 0.37128328118591775 6.767347397194146
-1.465874754416547 4.840625798426358 4.79640938840306
6
43 1.290000000000e+00
1.18217132977148 -1.849098918660593 -4.8336245777239935
-0.8815899216110267 1.6719343111688945 4.471335214017594
1.8708686221336417 -2.1453007446217764 -1.249964856347745
-1.9688896680624899 -0.25411844353256824 -4.5623242113768985
-3.207756699917098 0.371283018136418 6.7673485937366085
-1.4658753066659544 4.840630061283797 4.796410476133202
6
44 1.320000000000e+00
1.1821713448785176 -1.8490989155506707 -4.833624484401757
-0.8815900346342239 1.6719342703821796 4.47133561079961
1.8708708800443767 -2.1453016775757887 -1.249954523915223
-1.9688998628779741 -0.25411328215854145 -4.56232375140622
-3.207757124464861 0.37128274260357635 6.767349808923108
-1.465875867528923 4.840634419058399 4.796411574827533
6
45 1.350000000000e+00
1.1821713601355992 -1.8490989123816 -4.833624388443355
-0.8815901481636788 1.671934225176529 4.471336006829516
1.870873165976727 -2.145302618030124 -1.249944056969538
-1.9689101756199276 -0.25410806047938533 -4.562323287835612
-3.2077575579812634 0.37128245447797775 6.767351042147045
-1.4658764367630002 4.840638871221044 4.796412683956934
6
46 1.380000000000e+00
1.1821713758953485 -1.849098909338952 -4.833624290387355
-0.8815902621357075 1.6719341754769206 4.471336401920227
1.8708754789962223 -2.145303565421644 -1.2499334601635739
-1.9689206012711284 -0.25410278101542755 -4.562322821182861
-3.20775800016773 0.3712821536607894 6.767352292803705
-1.465877014127435 4.840643417227487 4.796413803003618
6
47 1.410000000000e+00
1.1821713925092534 -1.8490989066077308 -4.8336241907723325
-0.881590376488138 1.6719341212136236 4.47133679589978
1.870877818205999 -2.1453045191966593 -1.2499227380135876
-1.9689311349523027 -0.25409744621443053 -4.562322351969532
-3.2077584507181247 0.37128184006395026 6.767353560284595
-1.4658775993827993 4.840648056542938 4.7964149314705855
6
48 1.440000000000e+00
1.1821714103288041 -1.8490989043727517 -4.833624090142526
-0.8815904911608772 1.6719340623210646 4.471337188609437
1.870880182746799 -2.1453054788203763 -1.24991189489505
-1.9689417719315767 -0.2540920584495122 -4.562321880726636
-3.207758909320642 0.3712815136086585 6.767354843988785
-1.4658781922915545 4.8406527886193755 4.796416068874068
6
49 1.470000000000e+00
1.1821714297037882 -1.8490989028178852 -4.833623989038398
-0.8815906060957214 1.6719339987383943 4.47133757990369
1.8708825717967796 -2.1453064437769007 -1.2499009350426493
-1.9689525076263643 -0.25408662001971355 -4.562321407975739
-3.2077593756502494 0.3712811742251835 6.767356143315341
-1.4658787926184296 4.840657612914448 4.7964172147454125
6
50 1.500000000000e+00
1.1821714509826715 -1.8490989021254896 -4.83362388800419
-0.8815907212365456 1.671933930408921 4.4713379696521445
1.870884984572083 -2.1453074135616754 -1.2498898625478312
-1.9689633375995885 -0.254081133149431 -4.562320934251633
-3.2077598493800243 0.37128082185191985 6.76735745766333
-1.4658794001298545 4.8406625288839145 4.796418368636757
6
51 1.530000000000e+00
1.1821714745118403 -1.8490989024773563 -4.833623787582254
-0.8815908365283591 1.671933857280299 4.471338357728194
1.8708874203262673 -2.145308387687151 -1.2498786813582337
-1.9689742575653508 -0.25407559998747226 -4.562320460081552
-3.2077603301754856 0.37128045643482166 6.767358786441268
-1.4658800145958495 4.840667535989204 4.796419530107791
6
52 1.560000000000e+00
1.1821715006346587 -1.849098904053199 -4.83362368831494
-0.8815909519190052 1.6719337793039626 4.47133874402601
1.870889878350118 -2.145309365682786 -1.2498673952763633
-1.9689852633870406 -0.2540700226072448 -4.562319985996509
-3.207760817696482 0.3712800779270236 6.767360129055781
-1.4658806357881358 4.840672633687963 4.796420698740887
6
53 1.590000000000e+00
1.1821715296914657 -1.8490989070310293 -4.833623590738932
-0.8815910673568944 1.6719336964351252 4.471339128443549
1.8708923579725936 -2.145310347093156 -1.2498560079588406
-1.968996351075446 -0.2540644030058113 -4.562319512527515
-3.207761311599083 0.3712796862878966 6.767361484922943
-1.4658812634822136 4.840677821451071 4.796421874127866
6
54 1.620000000000e+00
1.1821715620184434 -1.8490989115865923 -4.833623495392799
-0.8815911827927049 1.6719336086322132 4.471339510888213
1.870894858558935 -2.145311331479844 -1.2498445229158317
-1.9690075167982022 -0.25405874310388926 -4.562319040207476
-3.2077618115355806 0.3712792814830476 6.7673628534626085
-1.4658818974564183 4.8406830987456235 4.7964230558813306
6
55 1.650000000000e+00
1.1821715979472398 -1.8490989178933641 -4.833623402807557
-0.8815912981786268 1.6719335158572426 4.471339891276855
1.8708973795121777 -2.1453123184195526 -1.249832943510482
-1.9690187568684536 -0.25405304474509555 -4.562318569565513
-3.207762317158264 0.37127886348318595 6.767364234098411
-1.4658825374924866 4.8406884650500555 4.796424243623338
6
56 1.680000000000e+00
1.1821716378040203 -1.8490989261219877 -4.833623313508549
-0.8815914134681725 1.6719334180744976 4.471340269531997
1.870899920272585 -2.1453133075022106 -1.2498212729577831
-1.9690300677599712 -0.2540473096957572 -4.562318101126972
-3.2077628281137534 0.371278432264312 6.767365626265322
-1.4658831833755563 4.840693919850363 4.79642543699484
6
57 1.710000000000e+00
1.1821716819087165 -1.8490989364398924 -4.833623228019229
-0.8815915286165558 1.671933315251286 4.471340645583718
1.8709024803167027 -2.1453142983385347 -1.249809514324382
-1.9690414460920351 -0.25404153964491133 -4.562317635420974
-3.207763344048672 0.3712779878067727 6.767367029400203
-1.4658838348947345 4.8406994626400985 4.7964266356481255
6
58 1.740000000000e+00
1.1821717305755897 -1.8490989490114844 -4.833623146855491
-0.8815916435797457 1.6719332073571835 4.471341019365878
1.870905059158493 -2.145315290550579 -1.249797670528583
-1.969052888644552 -0.25403573620298275 -4.562317172970975
-3.2077638646115303 0.3712775300950722 6.7673684429512555
-1.465884491842529 4.840705092918484 4.796427839250605
6
59 1.770000000000e+00
1.182171784111153 -1.8490989639979576 -4.833623070525673
-0.8815917583157907 1.6719330943636552 4.471341390818005
1.870907656348768 -2.145316283781186 -1.249785744339024
-1.9690643923467166 -0.25402990090197225 -4.562316714296647
-3.2077643894470587 0.3712770591176832 6.767369866378017
-1.4658851540152271 4.8407108101998615 4.7964290474829125
6
60 1.800000000000e+00
1.1821718428143615 -1.8490989815563479 -4.8336229995267725
-0.8815918727833055 1.6719329762442445 4.471341759879629
1.870910271474812 -2.1453172776826452 -1.2497737383758099
-1.9690759542883514 -0.2540240351958353 -4.562316259915778
-3.207764918203769 0.37127657486647997 6.767371299145694
-1.465885821213274 4.84071661400424 4.796430260040803
6
61 1.830000000000e+00
1.182171906976044 -1.8490990018399123 -4.833622934352007
-0.8815919869427952 1.6719328529736295 4.471342126499727
1.870912904160947 -2.1453182719318145 -1.24976165510938
-1.969087571712345 -0.2540181404595364 -4.562315810342373
-3.2077654505282824 0.3712760773361712 6.767372740727055
-1.4658864932407047 4.840722503862967 4.79643147662948
6
62 1.860000000000e+00
1.1821719768770136 -1.8490990249973722 -4.83362287548137
-0.8815921007551419 1.6719327245283773 4.471342490621607
1.8709155540674003 -2.145319266213109 -1.2497494968623968
-1.9690992420146551 -0.25401221798923884 -4.562315366084766
-3.2077659860747785 0.3712755665248671 6.7673741906118705
-1.4658871699055236 4.840728479320618 4.796432696969264
6
63 1.890000000000e+00
1.1821720527880681 -1.8490990511723469 -4.83362282338162
-0.8815922141829295 1.6719325908858111 4.471342852198026
1.870918220891249 -2.1453202602336217 -1.2497372658089898
-1.9691109627461971 -0.2540062690030601 -4.562314927647516
-3.207766524495548 0.3712750424323788 6.767375648295587
-1.4658878510198918 4.840734539934998 4.796433920788033
6
64 1.920000000000e+00
1.1821721349681003 -1.8490990805029752 -4.833622778506294
-0.8815923271894971 1.6719324520241998 4.471343211174182
1.8709209043652855 -2.1453212537117823 -1.2497249639764576
-1.969122731612843 -0.25400029464069407 -4.56231449553329
-3.2077670654447714 0.37127450506135184 6.767377113284985
-1.4658885363999383 4.840740685269581 4.796435147832564
6
65 1.950000000000e+00
1.1821722236623964 -1.849099113120215 -4.833622741291917
-0.8815924397393179 1.6719323079229444 4.471343567504721
1.8709236042576407 -2.14532224638492 -1.2497125932460222
-1.9691345464716439 -0.25399429596435563 -4.562314070233415
-3.2077676085841875 0.37127395441613276 6.767378585100073
-1.4658892258657623 4.840746914906735 4.796436377849635
6
66 1.980000000000e+00
1.182172319101314 -1.8490991491482218 -4.833622712156119
-0.8815925517978099 1.6719321585620144 4.471343921138621
1.8709263203712159 -2.14532323800548 -1.2497001553541531
-1.969146405334607 -0.2539882739591591 -4.562313652237333
-3.207768153575535 0.3712733905027684 6.7673800632722
-1.4658899192410515 4.840753228436392 4.796437610608698
6
67 2.010000000000e+00
1.1821724215016047 -1.849099188704347 -4.8336226914976335
-0.881592663331147 1.6719320039215677 4.471344272026748
1.8709290525421722 -2.145324228341026 -1.2496876518927558
-1.9691583063592502 -0.2539822295333069 -4.562313242021253
-3.207768700084333 0.371272813328629 6.767381547342162
-1.4658906163542187 4.840759625465487 4.796438845875428
6
68 2.040000000000e+00
1.1821725310681148 -1.8490992319004629 -4.833622679698183
-0.8815927743068259 1.6719318439825177 4.471344620119971
1.8709318006399291 -2.145325217172351 -1.2496750843120057
-1.9691702478542683 -0.2539761635190344 -4.562312840055719
-3.2077692477855475 0.37127222290221806 6.7673830368639845
-1.46589131703689 4.840766105612296 4.796440083438175
6
69 2.070000000000e+00
1.1821726479945414 -1.84909927884315 -4.833622677128155
-0.8815928846929104 1.6719316787261564 4.471344965367266
1.8709345645664102 -2.1453262042991423 -1.2496624539192156
-1.969182228281424 -0.25397007667223204 -4.56231244680371
-3.207769796352257 0.3712716192331733 6.767384531404919
-1.4658920211248476 4.840772668502655 4.796441323083401
6
70 2.100000000000e+00
1.1821727724649436 -1.8490993296338862 -4.83362268413904
-0.8815929944580307 1.6719315081339643 4.471345307717611
1.8709373442558528 -2.1453271895305384 -1.2496497618828035
-1.9691942462404304 -0.253963969674335 -4.562312062716874
-3.2077703454688766 0.37127100233113236 6.767386030537888
-1.4658927284580319 4.840779313785072 4.796442564612683
6
71 2.130000000000e+00
1.1821729046537433 -1.8490993843694257 -4.8336227010747645
-0.8815931035725184 1.6719313321872333 4.471345647121874
1.8709401396751868 -2.1453281726983535 -1.2496370092317244
-1.9692063004859581 -0.25395784313156755 -4.562311688243074
-3.2077708948179326 0.37127037220705567 6.767387533854712
-1.4658934388801623 4.840786041113729 4.79644380783327
6
72 2.160000000000e+00
1.1821730447262913 -1.849099443142176 -4.833622728262255
-0.8815932120063268 1.6719311508678216 4.47134598352714
1.8709429508236564 -2.145329153643851 -1.24962419685793
-1.9692183899106275 -0.2539516975758875 -4.562311323816948
-3.2077714440914 0.3712697288713366 6.767389040954766
-1.4658941522383604 4.840792850157924 4.79644505255619
6
73 2.190000000000e+00
1.182173192840758 -1.8490995060405764 -4.833622766022763
-0.8815933197311098 1.6719309641575886 4.4713463168805
1.8709457777322527 -2.1453301322253004 -1.249611325519011
-1.969230513552568 -0.25394553346782117 -4.562310969867465
-3.2077719929888113 0.3712690723345577 6.767390551448769
-1.4658948683839046 4.8407997405982925 4.796446298607586
6
74 2.220000000000e+00
1.182173349148888 -1.8490995731504205 -4.833622814669983
-0.8815934267187107 1.6719307720383922 4.471346647129038
1.8709486204625811 -2.1453311083142017 -1.2495983958399
-1.9692426705859691 -0.2539393511977859 -4.56231062681981
-3.2077725412115905 0.3712684026073014 6.767392064956885
-1.4658955871720418 4.840806712130588 4.796447545809826
6
75 2.250000000000e+00
1.1821735137954348 -1.8490996445531558 -4.833622874504381
-0.8815935329421064 1.6719305744920916 4.471346974216065
1.8709514791059154 -2.14533208179717 -1.2495854083183504
-1.9692548603116327 -0.25393315108986975 -4.562310295080278
-3.20777308846683 0.37126771969939426 6.767393581112507
-1.4658963084610426 4.840813764461904 4.796448794000393
6
76 2.280000000000e+00
1.1821736869164583 -1.8490997203253152 -4.833622945822645
-0.8815936383746517 1.6719303715003562 4.471347298088668
1.8709543537809303 -2.145333052575941 -1.2495723633283395
-1.9692670821645297 -0.25392693340202044 -4.5623099750532665
-3.207773634469181 0.371267023620096 6.7673950995584775
-1.4658970321135238 4.840820897312561 4.796450043018661
6
77 2.310000000000e+00
1.1821738686378147 -1.8490998005373867 -4.833623028904455
-0.8815937429906462 1.6719301630450443 4.471347618690156
1.87095724463219 -2.145334020559807 -1.2495592611242246
-1.9692793357005753 -0.25392069832698994 -4.562309667126173
-3.207774178938964 0.3712663143780994 6.767396619947086
-1.465897757995315 4.840828110410439 4.79645129270778
6
78 2.340000000000e+00
1.1821740590764773 -1.849099885255699 -4.83362312402004
-0.8815938467649568 1.6719299491082038 4.471347935965724
1.8709601518295806 -2.1453349856750683 -1.2495461018431995
-1.969291620607965 -0.25391444599233476 -4.56230937168072
-3.207774721602169 0.3712655919805853 6.767398141941962
-1.465898485975836 4.840835403504203 4.796452542918464
6
79 2.370000000000e+00
1.1821742583395942 -1.8490999745411014 -4.833623231416956
-0.881593949673017 1.6719297296713156 4.471348249856795
1.8709630755667994 -2.1453359478612537 -1.2495328855056729
-1.9693039366958351 -0.25390817646230557 -4.562309089083516
-3.207775262188565 0.3712648564341678 6.767399665214294
-1.465899215927908 4.8408427763444095 4.796453793505204
6
80 2.400000000000e+00
1.182174466527132 -1.8491000684510417 -4.833623351338976
-0.8815940516912051 1.671929504716427 4.471348560308562
1.8709660160628654 -2.1453369070654515 -1.2495196120150804
-1.9693162838942668 -0.2539018897380363 -4.562308819693606
-3.2077758004373695 0.37126410774394913 6.7674011894447155
-1.4658999477279435 4.840850228698622 4.79645504432438
6
81 2.430000000000e+00
1.1821746837326315 -1.8491001670391878 -4.833623484014758
-0.8815941527962775 1.6719292742250187 4.471348867262447
1.870968973560608 -2.145337863249868 -1.2495062811593944
-1.9693286622580621 -0.2538955857603784 -4.5623085638587035
-3.2077763360915803 0.3712633459133309 6.767402714323314
-1.4659006812557556 4.840857760345745 4.796456295239932
6
82 2.460000000000e+00
1.1821749100447214 -1.8491002703567514 -4.83362362966729
-0.8815942529661244 1.6719290381787606 4.471349170661758
1.8709719483276133 -2.145338816391824 -1.2494928926164168
-1.9693410719516267 -0.25388926441122417 -4.562308321917066
-3.2077768688998636 0.3712625709443917 6.767404239547731
-1.4659014163943702 4.840865371076015 4.796457546119579
6
83 2.490000000000e+00
1.1821751455488172 -1.8491003784530549 -4.833623788511999
-0.8815943521786361 1.671928796559511 4.471349470449801
1.8709749406541425 -2.145339766476204 -1.2494794459577465
-1.96935351325653 -0.2538829255155847 -4.562308094193728
-3.2077773986184446 0.37126178283769845 6.767405764825062
-1.465902153030026 4.840873060689123 4.796458796829151
6
84 2.520000000000e+00
1.1821753903278778 -1.8491004913759075 -4.833623960760536
-0.8815944504130256 1.671928549348562 4.471349766567996
1.870977950852568 -2.1453407134992277 -1.2494659406519926
-1.969365986560166 -0.25387656884215776 -4.562307881009945
-3.207777925005438 0.3712609815919284 6.767407289868067
-1.4659028910521736 4.840880828992319 4.796460047243926
6
85 2.550000000000e+00
1.1821756444646732 -1.849100609172175 -4.833624146620771
-0.8815945476488837 1.671928296527961 4.4713500589596515
1.8709809792566148 -2.145341657470343 -1.2494523760683647
-1.9693784923519737 -0.2538701941061615 -4.562307682668069
-3.207778447828409 0.371260167203491 6.767408814398955
-1.4659036303534767 4.840888675809855 4.7964612972372915
6
86 2.580000000000e+00
1.1821759080404617 -1.8491007318877775 -4.8336243462986825
-0.8815946438661796 1.6719280380789991 4.471350347569964
1.870984026219284 -2.145342598410338 -1.2494387514787508
-1.9693910312309963 -0.25386380097065775 -4.5623074994629
-3.2077789668586987 0.371259339667473 6.7674103381437165
-1.4659043708296229 4.840896600971656 4.796462546688306
6
87 2.610000000000e+00
1.1821761811361235 -1.8491008595673126 -4.833624559998362
-0.8815947390462047 1.6719277739833471 4.4713506323422445
1.8709870921122849 -2.1453435363513376 -1.2494250660601756
-1.9694036038869835 -0.2538573890478748 -4.562307331677896
-3.20777948187521 0.3712584989765045 6.767411860839681
-1.4659051123791333 4.840904604317098 4.796463795477916
6
88 2.640000000000e+00
1.182176463831972 -1.849100992254811 -4.83362478792579
-0.8815948331702508 1.6719275042228632 4.471350913221689
1.8709901773258457 -2.1453444713311365 -1.2494113188993343
-1.9694162111079518 -0.25385095790128576 -4.5623071795870676
-3.2077799926568455 0.3712576451213258 6.767413382226066
-1.4659058549041206 4.84091268569878 4.796465043488959
6
89 2.670000000000e+00
1.1821767562069978 -1.8491011299927915 -4.833625030281277
-0.8815949262207435 1.6719272287788387 4.471351190153494
1.8709932822677693 -2.1453454034064263 -1.249397508995806
-1.9694288537745133 -0.2538445070473098 -4.562307043449307
-3.2077804989957346 0.37125677809059854 6.767414902051536
-1.4659065983087751 4.840920844976862 4.796466290608051
6
90 2.700000000000e+00
1.1821770583386795 -1.849101272822828 -4.833625287265134
-0.8815950181802974 1.6719269476335101 4.47135146308286
1.8709964073630552 -2.145346332639568 -1.2493836352652659
-1.9694415328523176 -0.2538380359575796 -4.562306923517839
-3.207781000682118 0.3712558978707168 6.767416420068539
-1.4659073425006897 4.840929082017175 4.796467536719919
6
91 2.730000000000e+00
1.1821773703026064 -1.8491014207853607 -4.833625559077672
-0.8815951090324717 1.67192666076817 4.471351731958763
1.8709995530523875 -2.145347259100481 -1.2493696965423196
-1.9694542493977218 -0.2538315440598859 -4.562306820030766
-3.207781497515685 0.37125500444580667 6.767417936037078
-1.4659080873901023 4.840937396700666 4.7964687817187395
6
92 2.760000000000e+00
1.1821776921726668 -1.8491015739187509 -4.8336258459097525
-0.8815951987612037 1.6719263681648653 4.471351996728291
1.8710027197921353 -2.1453481828760936 -1.2493556915842836
-1.9694670045540104 -0.2538250307389339 -4.562306733216747
-3.2077819892999035 0.3712540977982939 6.767419449722828
-1.4659088328898962 4.8409457889139516 4.796470025493016
6
93 2.790000000000e+00
1.182178024020859 -1.8491017322602263 -4.833626147954129
-0.881595287351187 1.671926069805644 4.4713522573442015
1.8710059080539738 -2.145349104060892 -1.2493416190747741
-1.9694797995362774 -0.253818495337666 -4.562306663294991
-3.2077824758420217 0.3712531779077693 6.767420960893354
-1.4659095789157899 4.840954258551205 4.7964712679369255
6
94 2.820000000000e+00
1.182178365915969 -1.8491018958451249 -4.833626465395994
-0.8815953747876812 1.6719257656725532 4.471352513751692
1.8710091183248858 -2.145350022755031 -1.2493274776271106
-1.9694926356465439 -0.25381193716047384 -4.562306610469586
-3.207782956954957 0.37125224475212315 6.767422469327554
-1.4659103253855805 4.840962805514164 4.796472508944644
6
95 2.850000000000e+00
1.1821787179247043 -1.8491020647059497 -4.833626798414872
-0.8815954610565139 1.6719254557478296 4.471352765909189
1.8710123511050816 -2.1453509390756738 -1.2493132657869597
-1.9695055142567512 -0.2538053554741436 -4.562306574940846
-3.207783432457295 0.37125129830678905 6.767423974804335
-1.465911072220655 4.840971429717787 4.796473748416013
6
96 2.880000000000e+00
1.1821790801107488 -1.8491022388738816 -4.833627147186506
-0.8815955461440786 1.671925140013899 4.471353013763779
1.8710156069074328 -2.1453518531456526 -1.2492989820344147
-1.9695184368144296 -0.25379874950747827 -4.5623065568882915
-3.2077839021732917 0.37125033854493283 6.767425477108264
-1.4659118193439127 4.84098013107893 4.796474986248993
6
97 2.910000000000e+00
1.1821794525358964 -1.8491024183780223 -4.833627511877194
-0.8815956300371475 1.6719248184533761 4.471353257275777
1.8710188862569057 -2.145352765095359 -1.2492846247862628
-1.9695314048313597 -0.25379211845469857 -4.56230655648956
-3.2077843659272025 0.3712493654378306 6.767426976029585
-1.4659125666810875 4.84098890952578 4.796476222343422
6
98 2.940000000000e+00
1.1821798352575947 -1.8491026032444495 -4.8336278926532295
-0.8815957127234372 1.6719244910490638 4.471353496397943
1.8710221896909383 -2.145353675068412 -1.2492701924018441
-1.9695444198816832 -0.25378546147846676 -4.562306573907165
-3.207784823550842 0.371248378954491 6.767428471362314
-1.4659133141603695 4.840997764990309 4.796477456602928
6
99 2.970000000000e+00
1.182180228330646 -1.8491027934969744 -4.833628289669573
-0.8815957941906647 1.6719241577841442 4.47135373109059
1.8710255177579285 -2.145354583219769 -1.249255683185318
-1.969557483605683 -0.2537787777121545 -4.562306609296067
-3.207785274881693 0.3712473790620326 6.767429962908033
-1.465914061712028 4.841006697415824 4.796478688929244
6
100 3.000000000000e+00
1.1821806318064505 -1.8491029891573283 -4.83362870307362
-0.8815958744273025 1.6719238186416092 4.471353961310256
1.87102887101648 -2.145355489711946 -1.2492410953886883
-1.9695705976965534 -0.2537720662596536 -4.562306662799883
-3.207785719761019 0.3712463657254956 6.76743145046832
-1.4659148092687893 4.841015706749413 4.796479919227884
6
101 3.030000000000e+00
1.1821810457331965 -1.8491031902453539 -4.833629133012772
-0.881595953422579 1.6719234736053963 4.471354187022925
1.8710322500336998 -2.1453563947150194 -1.2492264272144475
-1.9695837638985116 -0.25376532619707703 -4.5623067345546735
-3.2077861580300833 0.3712453389074635 6.767432933852311
-1.4659155567656459 4.841024792945722 4.796481147408141
6
102 3.060000000000e+00
1.1821814701552924 -1.8491033967776804 -4.833629579623087
-0.8815960311655342 1.671923122659254 4.471354408187023
1.8710356553844418 -2.1453572984066223 -1.2492116768193562
-1.969596984006798 -0.2537585565748373 -4.562306824681382
-3.207786589541487 0.3712442985693857 6.767434412872926
-1.4659163041394812 4.841033955966958 4.796482373377418
6
103 3.090000000000e+00
1.1821819051133675 -1.849103608768481 -4.833630043031178
-0.8815961076461524 1.6719227657871192 4.471354624766645
1.8710390876516871 -2.145358200977618 -1.2491968423201134
-1.9696102598620047 -0.2537517564236941 -4.56230693330284
-3.207787014144052 0.37124324467025516 6.767435887346858
-1.4659170513294462 4.841043195777217 4.796483597045008
6
104 3.120000000000e+00
1.1821823506442712 -1.8491038262290933 -4.833630523361767
-0.8815961828547958 1.6719224029736857 4.471354836731556
1.87104254742503 -2.145359102622648 -1.249181921796191
-1.9696235933462996 -0.25374492475513133 -4.562307060526763
-3.2077874316979385 0.3712421771671752 6.767437357092697
-1.4659177982765814 4.841052512353818 4.796484818322097
6
105 3.150000000000e+00
1.182182806780129 -1.849104049168967 -4.833631020728236
-0.8815962567823938 1.6719220342038352 4.471355044049631
1.8710460352986007 -2.1453600035458025 -1.2491669132924779
-1.9696369863815344 -0.2537380605621143 -4.562307206453304
-3.2077878420614168 0.37124109601592625 6.767438821940365
-1.4659185449243841 4.841061905672199 4.796486037123643
6
106 3.180000000000e+00
1.182183273549287 -1.8491042775943376 -4.833631535234521
-0.8815963294198759 1.6719216594632065 4.471355246686854
1.8710495518689854 -2.1453609039587307 -1.2491518148196594
-1.969650440923575 -0.2537311628194664 -4.562307371173172
-3.207788245102206 0.37124000117039885 6.767440281714118
-1.465919291217674 4.84107137571913 4.79648725336272
6
107 3.210000000000e+00
1.1821837509763111 -1.8491045115091738 -4.833632066982668
-0.8815964007591162 1.6719212787372477 4.471355444618658
1.8710530977344715 -2.1453618040711926 -1.2491366243576187
-1.9696639589528548 -0.2537242304872713 -4.562307554765735
-3.207788640684247 0.37123889258297205 6.76744173625144
-1.4659200371031613 4.841080922483273 4.7964884669561805
6
108 3.240000000000e+00
1.182184239081233 -1.849104750914798 -4.833632616059604
-0.8815964707923667 1.6719208920121646 4.4713556378167
1.8710566734944802 -2.145362704104286 -1.2491213398580812
-1.9696775424876016 -0.2537172625144634 -4.562307757306582
-3.207789028684706 0.371237770204135 6.7674431853879256
-1.4659207825300118 4.8410905459589575 4.796489677818987
6
109 3.270000000000e+00
1.182184737879548 -1.849104995809132 -4.833633182548475
-0.8815965395124464 1.6719204992752956 4.47135582625641
1.8710602797484326 -2.1453636042809983 -1.2491059592487732
-1.9696911935668293 -0.2537102578401505 -4.562307978865633
-3.2077894089750827 0.3712366339832429 6.767444628966726
-1.4659215274487152 4.841100246146185 4.796490885873661
6
110 3.300000000000e+00
1.1821852473822168 -1.849105246188207 -4.833633766519204
-0.8815966069121746 1.6719201005139799 4.471356009917003
1.8710639170955607 -2.1453645048318766 -1.2490904804337997
-1.9697049142484502 -0.25370321539455853 -4.5623082195052485
-3.207789781438214 0.3712354838679505 6.767446066832884
-1.4659222718112719 4.841110023048735 4.796492091040833
6
111 3.330000000000e+00
1.1821857675956642 -1.849105502045031 -4.83363436803604
-0.881596672985504 1.6719196957163118 4.471356188779581
1.8710675861347192 -2.145365405991247 -1.2490749012964781
-1.969718706614942 -0.25369613409922087 -4.562308479280231
-3.2077901459569365 0.37123431980477845 6.767447498835222
-1.4659230155721399 4.841119876677945 4.796493293239245
6
112 3.360000000000e+00
1.1821862985231029 -1.8491057633705337 -4.833634987151895
-0.8815967377261984 1.6719192848707645 4.471356362823358
1.8710712874621163 -2.1453663079934353 -1.2490592196997174
-1.9697325727601214 -0.25368901287075746 -4.562308758241603
-3.2077905024159765 0.37123314173911376 6.767448924832011
-1.4659237586863436 4.841129807043265 4.796494492393309
6
113 3.390000000000e+00
1.1821868401651 -1.8491060301539433 -4.833635623908343
-0.8815968011295338 1.671918867966377 4.471356532031326
1.8710750216699918 -2.145367211072767 -1.2490434334880962
-1.9697465147891433 -0.2536818506229538 -4.562309056434716
-3.207790850705731 0.37123194961464245 6.767450344675852
-1.4659245011109863 4.841139814161701 4.796495688431214
6
114 3.420000000000e+00
1.182187392521466 -1.8491063023829768 -4.833636278345069
-0.8815968631904076 1.671918444993701 4.471356696394037
1.871078789346618 -2.1453681154654585 -1.2490275404920195
-1.9697605348185017 -0.2536746462684613 -4.562309373904927
-3.207791190722264 0.37123074337448386 6.767451758234462
-1.465925242804872 4.841149898054041 4.796496881275482
6
115 3.450000000000e+00
1.1821879555906898 -1.8491065800455397 -4.833636950496089
-0.8815969239044736 1.6719180159440437 4.47135685589826
1.8710825910745976 -2.145369021411505 -1.2490115385297986
-1.9697746349627987 -0.25366739871993177 -4.562309710691919
-3.207791522357862 0.3712295229604345 6.767453165368005
-1.465925983728505 4.84116005874674 4.796498070856193
6
116 3.480000000000e+00
1.1821885293708811 -1.84910686312916 -4.833637640384077
-0.8815969832681415 1.6719175808089013 4.47135701053266
1.8710864274314307 -2.1453699291490116 -1.248995425412186
-1.9697888173460878 -0.2536601068920953 -4.5623100668334855
-3.2077918455161485 0.37122828831334576 6.767454565949866
-1.4659267238433356 4.841170296266255 4.796499257103427
6
117 3.510000000000e+00
1.182189113861662 -1.8491071516223103 -4.833638348037381
-0.8815970412780094 1.6719171395803367 4.471357160293456
1.8710902989868694 -2.1453708389160844 -1.2489791989414298
-1.9698030840886411 -0.2536527697032728 -4.5623104423579735
-3.2077921600969685 0.3712270393727465 6.767455959853436
-1.4659274631127024 4.841180610642822 4.796500439949154
6
118 3.540000000000e+00
1.1821897090636 -1.8491074455145973 -4.833639073478676
-0.8815970979323768 1.6719166922519257 4.471357305174979
1.8710942063025409 -2.145371750948939 -1.2489628569135427
-1.9698174373050623 -0.25364538607707615 -4.562310837291838
-3.207792466011504 0.3712257760781655 6.767457346957771
-1.46592820150089 4.841191001912345 4.796501619325343
6
119 3.570000000000e+00
1.18219031497934 -1.84910774479695 -4.833639816728752
-0.881597153229165 1.671916238818565 4.4713574451753395
1.871098149928733 -2.145372665480011 -1.2489463971198127
-1.9698318791042857 -0.2536379549441094 -4.562311251653976
-3.207792763165269 0.37122449836818666 6.7674587271438185
-1.4659289389738834 4.84120147011262 4.796502795169635
6
120 3.600000000000e+00
1.182190931613985 -1.8491080494619987 -4.833640577812172
-0.8815972071670511 1.671915779276098 4.471357580296427
1.8711021304017497 -2.1453735827360685 -1.2489298173488823
-1.9698464115801275 -0.25363047524329135 -4.562311685459507
-3.2077930514713366 0.3712232061810159 6.767460100298195
-1.465929675499179 4.841212015281439 4.796503967415889
6
121 3.630000000000e+00
1.182191558975093 -1.8491083595036961 -4.833641356755395
-0.8815972597450903 1.6719153136216895 4.471357710542022
1.8711061482424 -2.14537450293254 -1.248913115389205
-1.969861036816956 -0.2536229459235563 -4.56231213871032
-3.2077933308484483 0.37122189945372536 6.767461466309407
-1.4659304110455966 4.841222637466047 4.796505136003632
6
122 3.660000000000e+00
1.1821921970730582 -1.8491086749182628 -4.833642153588655
-0.8815973109640385 1.6719148418526943 4.471357835915902
1.8711102039554302 -2.1453754262867433 -1.2488962890311242
-1.969875756874573 -0.2536153659451768 -4.5623126114026356
-3.2077936012115664 0.3712205781228202 6.767462825073519
-1.4659311455834672 4.841233336709907 4.796506300878064
6
123 3.690000000000e+00
1.1821928459194075 -1.8491089957036204 -4.833642968338407
-0.8815973608250294 1.6719143639676004 4.471357956429406
1.8711142980293336 -2.145376353006549 -1.2488793360723527
-1.9698905738014412 -0.2536077342788192 -4.562313103521336
-3.207793862483211 0.37121924212442775 6.767464176488486
-1.4659318790836893 4.841244113064042 4.796507461976822
6
124 3.720000000000e+00
1.1821935055264245 -1.8491093218590124 -4.833643801042449
-0.8815974093299528 1.671913879966597 4.471358072091984
1.8711184309357862 -2.1453772832960474 -1.2488622543191077
-1.9699054896252373 -0.2536000499078108 -4.562313615036185
-3.207794114591575 0.3712178913954311 6.767465520456042
-1.4659326115192395 4.841254966577585 4.796508619246995
6
125 3.750000000000e+00
1.1821941759058254 -1.8491096533848175 -4.833644651734792
-0.8815974564808875 1.6719133898515735 4.4713581829187525
1.8711226031281336 -2.145378217346101 -1.2488450415881884
-1.9699205063566287 -0.25359231182719527 -4.562314145911278
-3.207794357462957 0.3712165258719576 6.767466856883592
-1.46593334286404 4.8412658973053375 4.796509772637561
6
126 3.780000000000e+00
1.1821948570685703 -1.8491099902819799 -4.833645520447565
-0.8815975022814239 1.6719128936261205 4.471358288928609
1.871126815041957 -2.1453791553456822 -1.2488276957065991
-1.969935625985498 -0.25358451904505525 -4.562314696095593
-3.2077945910255483 0.3712151454907012 6.767468185684207
-1.4659340730940909 4.841276905302102 4.796510922093717
6
127 3.810000000000e+00
1.1821955490220295 -1.8491103325512557 -4.833646407214781
-0.8815975467351524 1.6719123912940177 4.471358390138562
1.8711310670941306 -2.1453800974705355 -1.24881021451117
-1.9699508504828294 -0.25357667058156774 -4.5623152655286585
-3.2077948152150975 0.37121375018778946 6.7674695067690696
-1.465934802186149 4.8412879906302395 4.796512067572
6
128 3.840000000000e+00
1.1821962517696043 -1.849110680192078 -4.8336473120647865
-0.8815975898471754 1.671911882860367 4.471358486573176
1.8711353596816858 -2.1453810438888468 -1.2487925958472355
-1.969966181795041 -0.2535687654693821 -4.562315854131106
-3.2077950299692444 0.3712123398985936 6.7674708200625915
-1.4659355301184818 4.841299153348332 4.796513209023276
6
129 3.870000000000e+00
1.1821969653084603 -1.8491110332016123 -4.833648235012698
-0.8815976316235401 1.6719113683312157 4.4713585782551295
1.8711396931818114 -2.145381994761242 -1.2487748375680665
-1.9699816218496526 -0.25356080275286375 -4.5623164618141185
-3.207795235229407 0.37121091455886285 6.767472125487294
-1.4659362568706806 4.8413103935187385 4.796514346407861
6
130 3.900000000000e+00
1.1821976896291486 -1.8491113915747566 -4.833649176069857
-0.8815976720708604 1.671910847714123 4.471358665214657
1.8711440679509104 -2.145382950235121 -1.2487569375360048
-1.9699971725458398 -0.2535527814884723 -4.56231708847187
-3.2077954309388943 0.37120947410548044 6.767473422973257
-1.4659369824234705 4.84132171121138 4.796515479680402
6
131 3.930000000000e+00
1.182198424714662 -1.8491117553028176 -4.833650135232481
-0.8815977111957501 1.6719103210185366 4.471358747478214
1.8711484843272437 -2.1453839104541017 -1.2487388936285104
-1.9700128357638798 -0.25354470074646274 -4.562317733977751
-3.207795617041014 0.3712080184760854 6.76747471245434
-1.4659377067596548 4.841333106490508 4.7965166088068845
6
132 3.960000000000e+00
1.1821991705413786 -1.8491121243737012 -4.8336511124835635
-0.8815977490063355 1.67190978825504 4.471358825079818
1.8711529426292295 -2.145384875552356 -1.2487207037411838
-1.970028613351925 -0.2535365596112625 -4.562318398197589
-3.2077957934866324 0.3712065476086947 6.7674759938662925
-1.4659384298631706 4.841344579426042 4.796517733749513
6
133 3.990000000000e+00
1.182199927078874 -1.8491124987736125 -4.833652107800428
-0.8815977855109312 1.6719092494353491 4.471358898055372
1.8711574431546893 -2.1453858456564943 -1.2487023657919252
-1.9700445071297814 -0.2535283571829841 -4.562319080972648
-3.2077959602266177 0.37120506144113646 6.7674772671543115
-1.465939151719467 4.84135613009168 4.7965188544761626
6
134 4.020000000000e+00
1.1822006942908654 -1.8491128784868671 -4.83365312114339
-0.8815978207193634 1.671908704572503 4.471358966440782
1.8711619861802788 -2.14538682088179 -1.2486838777241451
-1.9700605188889098 -0.2535200925772358 -4.562319782127184
-3.2077961172193956 0.37120355991161647 6.7674785322654865
-1.4659398723147494 4.841367758561123 4.796519970956598
6
135 4.050000000000e+00
1.1822014721357788 -1.8491132634957008 -4.833654152474655
-0.8815978546418373 1.6719081536797298 4.47135903027573
1.8711665719613 -2.1453878013397385 -1.248665237510735
-1.9700766503810851 -0.253511764927767 -4.562320501464664
-3.207796264423392 0.37120204295815173 6.7674797891563525
-1.465940591636923 4.841379464909959 4.796521083160583
6
136 4.080000000000e+00
1.182202260567316 -1.849113653781595 -4.83365520174509
-0.881597887289502 1.6719075967715802 4.471359089599903
1.8711712007332129 -2.1453887871286037 -1.2486464431565214
-1.970092903318401 -0.25350337338627976 -4.562321238767772
-3.2077964018008127 0.3712005105204601 6.767481037783446
-1.4659413096759728 4.8413912492194475 4.79652219106355
6
137 4.110000000000e+00
1.1822030595357769 -1.84911404932603 -4.833656268901784
-0.8815979186733176 1.6719070338637392 4.471359144456763
1.8711758727088004 -2.1453897783428726 -1.248627492699024
-1.9701092793751531 -0.253494917124696 -4.562321993796509
-3.2077965293195323 0.37119896253996 6.767482278110863
-1.4659420264230167 4.8414031115670655 4.7965232946447145
6
138 4.140000000000e+00
1.1822038689880607 -1.8491144501099197 -4.833657353886153
-0.8815979488051898 1.6719064649728361 4.471359194889773
1.87118058807798 -2.1453907750656933 -1.2486083842071314
-1.9701257801746177 -0.25348639533496886 -4.562322766293876
-3.2077966469455355 0.37119739895901477 6.767483510108367
-1.4659427418706852 4.841415052037853 4.796524393883288
6
139 4.170000000000e+00
1.182204688868798 -1.849114856112855 -4.833658456632058
-0.8815979776981575 1.6719058901175796 4.471359240944289
1.8711853470061028 -2.145391777370765 -1.2485891157829923
-1.970142407307943 -0.2534778072307833 -4.56232355598397
-3.2077967546504764 0.37119581972036575 6.767484733745722
-1.4659434560136864 4.841427070716844 4.7965254887641535
6
140 4.200000000000e+00
1.1822055191184628 -1.849115267312726 -4.8336595770658
-0.8815980053654489 1.6719053093170557 4.471359282673222
1.8711901496362215 -2.1453927853204484 -1.2485696855665482
-1.970159162311477 -0.25346915204736714 -4.5623243625701075
-3.2077968524135683 0.37119422476713215 6.767485949007811
-1.4659441688471078 4.84143916769097 4.796526579270303
6
141 4.230000000000e+00
1.182206359674694 -1.8491156836843998 -4.833660715104231
-0.8815980318218037 1.6719047225914845 4.471359320121925
1.8711949960883332 -2.145393798973326 -1.2485500917421513
-1.970176046685662 -0.2534604290428139 -4.56232518573481
-3.207796940212134 0.37119261404262216 6.767487155877626
-1.465944880368303 4.841451343049045 4.796527665390398
6
142 4.260000000000e+00
1.1822072104724846 -1.849116105199908 -4.833661870652864
-0.8815980570821508 1.671904129962031 4.471359353341421
1.8711998864599477 -2.145394818380419 -1.2485303325423402
-1.9701930618723589 -0.25345163749770483 -4.5623260251360405
-3.2077970180310564 0.3711909874908999 6.767488354345718
-1.4659455905755716 4.841463596885557 4.79652874711688
6
143 4.290000000000e+00
1.182208071444372 -1.8491165318282592 -4.833663043607764
-0.8815980811616081 1.6719035314496709 4.471359382384621
1.8712048208247647 -2.145395843583302 -1.2485104062501098
-1.970210209268076 -0.2534427767152979 -4.562326880403411
-3.207797085857106 0.37118934505773027 6.7674895444102
-1.4659462994687251 4.841475929291213 4.79652982443841
6
144 4.320000000000e+00
1.1822089425219477 -1.8491169635367612 -4.833664233863107
-0.8815981040751044 1.6719029270761363 4.47135940730066
1.871209799232295 -2.145396874614101 -1.248490311198911
-1.970227490220187 -0.2534338460226617 -4.56232775114764
-3.2077971436789467 0.3711876866903899 6.767490726071069
-1.4659470070498413 4.841488340362388 4.796530897354988
6
145 4.350000000000e+00
1.1822098236368037 -1.8491174002925326 -4.83366544130551
-0.8815981258381353 1.6719023168635367 4.471359428144339
1.8712148217110731 -2.145397911499271 -1.248470045774539
-1.9702449060250449 -0.25342484476765176 -4.562328636949205
-3.2077971914927974 0.3711860123374782 6.7674918993321045
-1.4659477133217553 4.841500830197348 4.796531965864725
6
146 4.380000000000e+00
1.1822107147210992 -1.8491178420634484 -4.8336666658291465
-0.8815981464669528 1.6719017008345494 4.471359444966681
1.871219888269792 -2.145398954265269 -1.248449608413057
-1.970262457931758 -0.2534157723198553 -4.562329537369693
-3.2077972292929893 0.37118432194778367 6.767493064208426
-1.4659484182891915 4.841513398896248 4.796533029963841
6
147 4.410000000000e+00
1.1822116157088822 -1.8491182888188946 -4.833667907322524
-0.8815981659778082 1.6719010790122286 4.471359457820599
1.8712249988991918 -2.145400002936661 -1.2484289975998493
-1.9702801471459725 -0.2534066280702137 -4.562330451946118
-3.2077972570851916 0.37118261547085046 6.767494220715149
-1.4659491219583858 4.841526046559246 4.796534089654226
6
148 4.440000000000e+00
1.1822125265368473 -1.8491187405310927 -4.833669165689266
-0.881598184388654 1.6719004514207627 4.471359466760894
1.8712301535722498 -2.1454010575266755 -1.2484082118698112
-1.9702979748260894 -0.2533974114323449 -4.562331380198493
-3.207797274869404 0.37118089285622313 6.767495368878733
-1.4659498243367082 4.841538773294054 4.796535144943439
6
149 4.470000000000e+00
1.1822134471437669 -1.849119197174153 -4.833670440831107
-0.8815982017170647 1.6718998180854743 4.471359471840477
1.8712353522430454 -2.1454021180523193 -1.2483872498069712
-1.9703159420832683 -0.2533881218434884 -4.562332321627927
-3.207797282660745 0.37117915405457963 6.767496508727522
-1.4659505254328513 4.841551579202717 4.7965361958314805
6
150 4.500000000000e+00
1.182214377470493 -1.8491196587242653 -4.833671732655451
-0.8815982179815596 1.6718991790318747 4.471359473117931
1.8712405948467608 -2.145403184523042 -1.2483661100433563
-1.9703340499852047 -0.25337875876393856 -4.562333275720416
-3.2077972804705523 0.371177399017354 6.76749764029364
-1.465951225256642 4.84156446439862 4.796537242329688
6
151 4.530000000000e+00
1.1822153174588217 -1.8491201251587526 -4.833673041067811
-0.881598233199902 1.671898534286231 4.47135947064806
1.8712458812996817 -2.1454042569445124 -1.248344791258426
-1.9703522995466811 -0.25336932167647724 -4.562334241948725
-3.207797268313944 0.37117562769711426 6.767498763614884
-1.4659519238197962 4.841577428991367 4.796538284445619
6
152 4.560000000000e+00
1.1822162670501721 -1.8491205964524817 -4.8336743659699195
-0.8815982473906115 1.6718978838753773 4.471359464485663
1.8712512115001407 -2.1454053353186193 -1.248323292176804
-1.9703706917390162 -0.25335981008542935 -4.562335219764837
-3.207797246213597 0.37117384004718407 6.767499878736605
-1.4659526211353533 4.841590473092451 4.796539322188726
6
153 4.590000000000e+00
1.1822172261838833 -1.8491210725769176 -4.8336757072540655
-0.8815982605718292 1.6718972278255808 4.471359454687433
1.8712565853288956 -2.145406419643475 -1.248301611571302
-1.9703892274862873 -0.25335022351760733 -4.562336208613168
-3.2077972141921873 0.37117203602164306 6.767500985706048
-1.465953317217486 4.841603596815255 4.796540355572232
6
154 4.620000000000e+00
1.182218194796083 -1.8491215534986125 -4.833677064791745
-0.8815982727615077 1.6718965661634866 4.471359441311951
1.8712620026500755 -2.145407509913408 -1.248279748266511
-1.970407907663437 -0.2533405615211778 -4.562337207913575
-3.2077971722780623 0.37117021557457097 6.767502084578015
-1.4659540120816905 4.8416168002769435 4.796541384607481
6
155 4.650000000000e+00
1.1822191728191187 -1.8491220391788266 -4.833678438446899
-0.881598283978166 1.6718958989144173 4.471359424406461
1.871267463313258 -2.1454086061227513 -1.2482577011420115
-1.9704267331057241 -0.2533308236664169 -4.562338217080242
-3.207797120507125 0.3711683786604254 6.767503175414867
-1.4659547057449738 4.841630083596568 4.796542409307697
6
156 4.680000000000e+00
1.182220160181559 -1.8491225295739075 -4.83367982806457
-0.881598294239379 1.6718952261040727 4.4713594040276545
1.871272967154415 -2.145409708265834 -1.2482354691310535
-1.9704457045973856 -0.25332100954589987 -4.5623392355008985
-3.2077970589133913 0.37116652523328586 6.767504258277074
-1.4659553982256666 4.841643446895072 4.796543429689889
6
157 4.710000000000e+00
1.1822211568093264 -1.849123024636612 -4.833681233476572
-0.8815983035634767 1.6718945477573977 4.471359380224665
1.871278513997802 -2.1454108163426566 -1.2482130512171536
-1.9704648228773034 -0.2533111187741224 -4.562340262557604
-3.207796987540325 0.37116465524798803 6.767505333238336
-1.465956089543044 4.841656890299068 4.7965444457691735
6
158 4.740000000000e+00
1.1822221626273992 -1.849123524317807 -4.833682654509049
-0.8815983119680336 1.6718938638991472 4.471359353046623
1.8712841036574699 -2.145411930353219 -1.2481904464297482
-1.9704840886427868 -0.2533011509876902 -4.562341297615409
-3.2077969064332796 0.3711627686593675 6.767506400368573
-1.4659567797182709 4.841670413935165 4.79654545756445
6
159 4.770000000000e+00
1.1822231775601877 -1.849124028568171 -4.833684090984369
-0.8815983194711913 1.671893174554644 4.471359322540773
1.8712897359387768 -2.1454130502956326 -1.2481676538434383
-1.9705035025476818 -0.25329110584588566 -4.562342340031807
-3.2077968156413874 0.3711608654230156 6.767507459747153
-1.4659574687734571 4.841684017929976 4.796546465092725
6
160 4.800000000000e+00
1.1822242015326703 -1.8491245373410274 -4.833685542724897
-0.8815983260910909 1.67189247974921 4.47135928875625
1.871295410639522 -2.1454141761755654 -1.2481446725793126
-1.9705230651985892 -0.253280983029723 -4.562343389162403
-3.2077967152175613 0.37115894549433476 6.767508511453446
-1.4659581567320352 4.841697702415782 4.7965474683747855
6
161 4.830000000000e+00
1.1822252344726594 -1.8491250505927237 -4.833687009564336
-0.8815983318456848 1.671891779508168 4.471359251740295
1.8713011275499463 -2.145415308002466 -1.248121501806836
-1.9705427771624282 -0.2532707822430823 -4.562344444355239
-3.207796605216603 0.37115700882948344 6.767509555572487
-1.4659588436180047 4.841711467524864 4.796548467425748
6
162 4.860000000000e+00
1.1822262763104237 -1.8491255682843317 -4.833688491338282
-0.8815983367536816 1.6718910738575958 4.47135921154204
1.8713068864532976 -2.145416445789563 -1.2480981407429061
-1.9705626389607622 -0.2532605032132758 -4.562345504962142
-3.2077964856952046 0.37115505538367505 6.767510592191207
-1.4659595294563101 4.841725313387613 4.796549462266403
6
163 4.890000000000e+00
1.1822273269783115 -1.8491260903814581 -4.833689987895554
-0.8815983408326554 1.671890362822627 4.471359168208731
1.8713126871237538 -2.145417589548195 -1.2480745886469398
-1.9705826510754718 -0.2532501456916157 -4.562346570334933
-3.207796356721396 0.37115308511231215 6.767511621400309
-1.4659602142726516 4.84173924014009 4.796550452911864
6
164 4.920000000000e+00
1.182228386410749 -1.849126616852356 -4.833691499092535
-0.8815983441001809 1.6718896464289617 4.471359121789498
1.8713185293268 -2.1454187392953687 -1.2480508448167142
-1.9706028139374143 -0.25323970945246865 -4.562347639832997
-3.207796218359428 0.3711510979692853 6.767512643296172
-1.4659608980934855 4.841753247918352 4.79655143937914
6
165 4.950000000000e+00
1.1822294545423517 -1.8491271476673559 -4.833693024783716
-0.8815983465728875 1.6718889247015447 4.4713590723278065
1.8713244128182835 -2.145419895042423 -1.2480269085883688
-1.9706231279434328 -0.25322919429476787 -4.562348712817606
-3.2077960706829995 0.3711490939079184 6.76751365797706
-1.4659615809458346 4.841767336862244 4.796552421685241
6
166 4.980000000000e+00
1.1822305313069796 -1.8491276827958447 -4.833694564825476
-0.8815983482664601 1.671888197664186 4.4713590198746775
1.87133033734517 -2.145421056800696 -1.248002779337538
-1.9706435934393465 -0.253218600040879 -4.562349788657591
-3.2077959137677006 0.37114707287983434 6.767514665543128
-1.465962262857856 4.841781507109711 4.796553399845282
6
167 5.010000000000e+00
1.1822316166362241 -1.8491282222056973 -4.833696119068529
-0.8815983491963943 1.6718874653410742 4.471358964473577
1.8713363026457324 -2.1454222245834162 -1.247978456484076
-1.9706642107331807 -0.25320792653811225 -4.562350866729342
-3.2077957476947883 0.3711450348364672 6.767515666102094
-1.4659629438584625 4.841795758804375 4.796554373874381
6
168 5.040000000000e+00
1.1822327104592207 -1.8491287658610083 -4.833697687348467
-0.8815983493778081 1.6718867277552643 4.471358906164187
1.8713423084520073 -2.1454233984000313 -1.2479539394948909
-1.9706849800838284 -0.25319717365739924 -4.562351946413029
-3.2077955725493013 0.3711429797275503 6.767516659763558
-1.4659636239780787 4.841810092087965 4.796555343791437
6
169 5.070000000000e+00
1.182233812701136 -1.8491293137213383 -4.833699269487656
-0.881598348826197 1.6718859849299996 4.471358844989973
1.8713483544918748 -2.14542457826944 -1.2479292278826222
-1.9707059017123874 -0.2531863412919705 -4.562353027090713
-3.207795388420056 0.3711409075033838 6.767517646640905
-1.465964303248263 4.841824507111659 4.796556309607786
6
170 5.100000000000e+00
1.1822349232835467 -1.849129865741144 -4.833700865299015
-0.8815983475574349 1.6718852368872015 4.471358780988727
1.8713544404905682 -2.1454257642143175 -1.2479043212043186
-1.9707269758040509 -0.2531754293581112 -4.562354108146343
-3.2077951953996497 0.37113881811294513 6.7675186268513
-1.4659649817017077 4.841839004020965 4.796557271342328
6
171 5.130000000000e+00
1.1822360421238716 -1.8491304218701596 -4.8337024745690025
-0.8815983455879624 1.6718844836493567 4.4713587141963576
1.8713605661718093 -2.145426956263011 -1.2478792190561452
-1.970748202494879 -0.25316443779383824 -4.562355188977094
-3.2077949935863472 0.3711367115059675 6.767519600515682
-1.4659656593726167 4.841853582968953 4.796558229008289
6
172 5.160000000000e+00
1.1822371691366953 -1.8491309820533932 -4.833704097080301
-0.8815983429340309 1.6718837252372531 4.471358644648767
1.8713667312596989 -2.1454281544476452 -1.2478539210709285
-1.9707695818888067 -0.25315336655890047 -4.562356268980145
-3.207794783076525 0.3711345876308615 6.767520567754995
-1.46596633629595 4.841868244108688 4.796559182618897
6
173 5.190000000000e+00
1.1822383042339561 -1.849131546233776 -4.8337057326004755
-0.8815983396113255 1.6718829616712994 4.4713585723799705
1.871372935478903 -2.145429358809794 -1.2478284269151314
-1.9707911140519743 -0.2531422156357235 -4.56235734757157
-3.2077945639722287 0.3711324464364154 6.767521528695852
-1.4659670125070456 4.841882987597019 4.7965601321911615
6
174 5.220000000000e+00
1.1822394473268372 -1.8491321143532926 -4.833707380893307
-0.8815983356343968 1.6718821929709595 4.471358497423983
1.871379178556357 -2.145430569391031 -1.2478027362888549
-1.9708127990183972 -0.2531309850271419 -4.562358424180674
-3.2077943363811725 0.371130287870473 6.767522483464862
-1.4659676880418082 4.841897813590793 4.796561077736419
6
175 5.250000000000e+00
1.1822405983257656 -1.8491326863560078 -4.833709041730142
-0.881598331016473 1.6718814191543752 4.471358419812931
1.8713854602205064 -2.1454317862404904 -1.2477768489245131
-1.9708346367842957 -0.25311967475677716 -4.562359498248095
-3.2077941004072903 0.3711281118795548 6.767523432190529
-1.4659683629361429 4.841912722246858 4.796562019269788
6
176 5.280000000000e+00
1.182241757142491 -1.8491332621893863 -4.8337107148861005
-0.8815983257685146 1.6718806402389321 4.4713583395751595
1.8713917802031999 -2.1454330094129728 -1.247750764586647
-1.9708566273156547 -0.2531082848675261 -4.562360569239043
-3.207793856163967 0.37112591840829195 6.7675243750032426
-1.4659690372268988 4.841927713729619 4.796562956802607
6
177 5.310000000000e+00
1.182242923690086 -1.8491338418059968 -4.833712400155205
-0.881598319900537 1.6718798562410702 4.4713582567409045
1.8713981382374187 -2.14543423897084 -1.2477244830687089
-1.970878770546334 -0.2530968154208049 -4.562361636624393
-3.207793603764586 0.37112370739980366 6.767525312029615
-1.46596971095017 4.841942788195923 4.796563890348104
6
178 5.340000000000e+00
1.1822440978854025 -1.8491344251648323 -4.833714097344701
-0.8815983134206662 1.671879067176475 4.471358171336621
1.8714045340584122 -2.145435474972673 -1.247698004189663
-1.970901066381847 -0.25308526649617097 -4.562362699903368
-3.2077933433281998 0.3711214787939966 6.767526243400037
-1.465970384142995 4.8419579458082875 4.7965648199157265
6
179 5.370000000000e+00
1.1822452796479386 -1.8491350122320658 -4.833715806280734
-0.8815983063368388 1.6718782730606414 4.471358083388767
1.8714109674012407 -2.1454367174827236 -1.2476713277900169
-1.9709235146955824 -0.2530736381905673 -4.56236375858275
-3.207793074973861 0.37111923252907686 6.767527169246788
-1.4659710568429793 4.841973186733008 4.796565745514925
6
180 5.400000000000e+00
1.18224646890116 -1.849135602980297 -4.833717526810237
-0.8815982986573697 1.6718774739090658 4.471357992923798
1.8714174380000204 -2.145437966565241 -1.2476444537308755
-1.9709461153382517 -0.25306193061813326 -4.562364812195775
-3.2077927988244013 0.37111696854041565 6.767528089696484
-1.465971729088107 4.841988511132602 4.796566667155147
6
181 5.430000000000e+00
1.1822476655725014 -1.849136197388928 -4.833719258795261
-0.8815982903909517 1.671876669737244 4.47135789996439
1.871423945587921 -2.1454392222844767 -1.247617381893375
-1.970968868126551 -0.25305014390982694 -4.562365860288912
-3.2077925150064335 0.3711146867618727 6.767529004881401
-1.4659724009171164 4.842003919169583 4.7965675848420615
6
182 5.460000000000e+00
1.1822488695920428 -1.8491367954415177 -4.833721002107303
-0.8815982815483562 1.6718758605612383 4.47135780453322
1.87143048989698 -2.1454404846990127 -1.24759011218095
-1.9709917728563904 -0.25303827821399183 -4.562366902431299
-3.207792223650348 0.37111238712560674 6.767529914931933
-1.4659730723696929 4.84201941101214 4.796568498577559
6
183 5.490000000000e+00
1.1822500808923209 -1.8491373971248382 -4.83372275663298
-0.8815982721416775 1.6718750463974892 4.471357706660524
1.8714370706588561 -2.145441753874988 -1.2475626445204686
-1.9710148292972236 -0.25302633369616795 -4.56236793821098
-3.2077919248846465 0.3711100695620758 6.767530819980359
-1.4659737434860869 4.842034986824677 4.7965694083635295
6
184 5.520000000000e+00
1.1822512994060617 -1.849138002426039 -4.833724522257018
-0.8815982621837656 1.6718742272626266 4.471357606370868
1.87144368760672 -2.145443029872875 -1.247534978862609
-1.9710380371939367 -0.253014310537958 -4.56236896723678
-3.207791618845389 0.3711077340007933 6.767531720162741
-1.4659744143069275 4.842050646773492 4.796570314199972
6
185 5.550000000000e+00
1.182252525064668 -1.8491386113307593 -4.833726298856586
-0.8815982516876597 1.6718734031729023 4.471357503692599
1.87145034047601 -2.1454443127625935 -1.2475071151822374
-1.9710613962706305 -0.2530022089372162 -4.562369989136421
-3.2077913056705256 0.3711053803707053 6.7675326156151385
-1.4659750848730333 4.842066391028657 4.796571216083107
6
186 5.580000000000e+00
1.1822537577967085 -1.8491392238206676 -4.8337280863069605
-0.8815982406660211 1.6718725741438116 4.471357398657841
1.871457029006322 -2.145445602610283 -1.247479053476142
-1.9710849062306175 -0.2529900291063478 -4.562371003558417
-3.2077909854980065 0.37110300860019135 6.767533506477391
-1.465975755225411 4.842082219756471 4.796572114007266
6
187 5.610000000000e+00
1.1822549975250816 -1.849139839871765 -4.833729884464524
-0.8815982291290541 1.6718717401900949 4.471357291291161
1.8714637529434874 -2.1454468994915334 -1.2474507937605734
-1.9711085667564239 -0.25297777127079735 -4.562372010173955
-3.207790658469561 0.3711006186168749 6.767534392895008
-1.4659764254050678 4.842098133125118 4.79657300796489
6
188 5.640000000000e+00
1.18225624416664 -1.8491404594536265 -4.83373169316676
-0.8815982170852624 1.6718709013242237 4.471357181624684
1.8714705120395747 -2.1454482034819335 -1.2474223360667132
-1.9711323775154581 -0.2529654356692369 -4.562373008667448
-3.2077903247306976 0.37109821034743445 6.767535275007828
-1.4659770954528215 4.842114131308454 4.796573897950309
6
189 5.670000000000e+00
1.1822574976306768 -1.849141082527702 -4.833733512237923
-0.8815982045391817 1.6718700575575371 4.471357069679198
1.8714773060549663 -2.145449514662742 -1.2473936804368901
-1.9711563381543407 -0.25295302255054364 -4.562373998747882
-3.2077899844269258 0.371095783717415 6.767536152967031
-1.4659777654094905 4.842130214474663 4.796574783955966
6
190 5.700000000000e+00
1.182258757819115 -1.8491417090484488 -4.833735341473921
-0.8815981914932683 1.6718692088989162 4.471356955473599
1.8714841347579816 -2.1454508331171063 -1.2473648269226947
-1.9711804483083548 -0.2529405321745548 -4.562374980139354
-3.2077896377113135 0.37109333865066035 6.7675370269162345
-1.465978435315893 4.842146382799491 4.796575665970521
6
191 5.730000000000e+00
1.1822600246265078 -1.849142338962388 -4.8337371806593294
-0.8815981779467666 1.6718683553557314 4.471356839024895
1.8714909979258223 -2.1454521589319535 -1.2473357755851646
-1.9712047075976662 -0.25292796480866675 -4.562375952586753
-3.2077892847312586 0.3710908750681802 6.7675378970066165
-1.4659791052134135 4.842162636456792 4.796576543990194
6
192 5.760000000000e+00
1.1822612979417395 -1.849142972211505 -4.833739029565487
-0.8815981638985425 1.6718674969334626 4.471356720344426
1.871497895344949 -2.145453492196101 -1.2473065264942198
-1.9712291156292108 -0.25291532072821243 -4.5623769158519725
-3.207788925645499 0.371088392889283 6.767538763383688
-1.4659797751434374 4.8421789756223115 4.796577418007428
6
193 5.790000000000e+00
1.1822625776501037 -1.8491436087341944 -4.833740887952402
-0.8815981493459506 1.6718666336364563 4.471356599435968
1.8715048268116494 -2.145454833007815 -1.2472770797301735
-1.9712536720042568 -0.25290260021362726 -4.562377869712025
-3.207788560605212 0.3710858920300652 6.7675396261948455
-1.4659804451484835 4.842195400473682 4.796578288016553
6
194 5.820000000000e+00
1.1822638636353824 -1.8491442484694183 -4.833742755585748
-0.8815981342878568 1.671865765468303 4.471356476303303
1.871511792131849 -2.145456181461581 -1.247247435382032
-1.9712783763089545 -0.252889803549693 -4.562378813964711
-3.207788189771025 0.371083372404355 6.7675404855799295
-1.4659811152714484 4.842211911190429 4.796579154015678
