6
0 0.000000000000e+00
1.884338333009e-01 -8.822162587564e-02 -2.269022026123e-01
-8.592334821271e-02 6.128234612540e-02 3.829530553296e-01
7.195002480376e-02 -3.293217947511e-02 3.161228646751e-01
-3.245941880558e-01 1.638403007793e-01 1.303673902967e-02
-7.590883804548e-03 1.885222939811e-04 3.506839019695e-02
-1.653772868181e-02 1.075959958395e-01 3.997728837229e-02
6
1 3.000000000000e-02
1.871404178582e-01 -8.758168056509e-02 -2.252659149976e-01
-8.567513957986e-02 6.081672485261e-02 3.816024681329e-01
7.190847276394e-02 -3.290578574492e-02 3.159786372466e-01
-3.244384626852e-01 1.637603762988e-01 1.303883112946e-02
-7.603083357038e-03 1.668728566049e-04 3.505785392445e-02
-1.653291017986e-02 1.076090609111e-01 3.994070444280e-02
6
2 6.000000000000e-02
1.833605837280e-01 -8.579737534488e-02 -2.201847864448e-01
-8.494483859640e-02 5.944309895129e-02 3.776174940137e-01
7.178711857380e-02 -3.282882386020e-02 3.155658461369e-01
-3.239950458113e-01 1.635341721759e-01 1.304742860336e-02
-7.639923865831e-03 1.021317638976e-04 3.502694823159e-02
-1.651865923914e-02 1.076487093675e-01 3.983175535176e-02
6
3 9.000000000000e-02
1.772146899167e-01 -8.288527425220e-02 -2.118633652610e-01
-8.376647849850e-02 5.722129338916e-02 3.711653482702e-01
7.159764354317e-02 -3.270715865156e-02 3.149393754733e-01
-3.233264007554e-01 1.631961386058e-01 1.306755212014e-02
-7.701812212429e-03 -5.129426193573e-06 3.497722669440e-02
-1.649543149908e-02 1.077155214409e-01 3.965246605520e-02
6
4 1.200000000000e-01
1.687399747863e-01 -7.878221106719e-02 -2.004089489627e-01
-8.218863961695e-02 5.423986427370e-02 3.624928162371e-01
7.135632272712e-02 -3.254798474779e-02 3.141668968656e-01
-3.224958105340e-01 1.627824240747e-01 1.310318968426e-02
-7.789007269184e-03 -1.540165725241e-04 3.491063856697e-02
-1.646373379615e-02 1.078096245583e-01 3.940570317812e-02
6
5 1.500000000000e-01
1.580702566762e-01 -7.361215843031e-02 -1.858069974938e-01
-8.027426712558e-02 5.061179111941e-02 3.519185758796e-01
7.107327800229e-02 -3.235571595202e-02 3.132921453909e-01
-3.215233521586e-01 1.623040378433e-01 1.315471037596e-02
-7.901543822149e-03 -3.433270794080e-04 3.482928547623e-02
-1.642402448881e-02 1.079306133753e-01 3.909485560818e-02
6
6 1.800000000000e-01
1.454915605628e-01 -6.753855565593e-02 -1.683819891831e-01
-7.809223643015e-02 4.646115392297e-02 3.397948483338e-01
7.074870526011e-02 -3.213084653280e-02 3.123198604771e-01
-3.203878605906e-01 1.617449353810e-01 1.321902419157e-02
-8.039270869790e-03 -5.715600091962e-04 3.473530112764e-02
-1.637671602813e-02 1.080774051900e-01 3.872364627000e-02
6
7 2.100000000000e-01
1.313549793756e-01 -6.067826588959e-02 -1.485995109506e-01
-7.570953767245e-02 4.191189700854e-02 3.264746951186e-01
7.037870904746e-02 -3.187317525028e-02 3.112337719709e-01
-3.190636973515e-01 1.610884409266e-01 1.329244019804e-02
-8.201924937512e-03 -8.369717006078e-04 3.463093686663e-02
-1.632215069185e-02 1.082480897880e-01 3.829601477911e-02
6
8 2.400000000000e-01
1.159924448766e-01 -5.315245692289e-02 -1.269333033313e-01
-7.318929056717e-02 3.708292530065e-02 3.122982067412e-01
6.996228004875e-02 -3.158421767512e-02 3.100227168533e-01
-3.175439566912e-01 1.603338020083e-01 1.337256480429e-02
-8.388935304799e-03 -1.137572009147e-03 3.451830877225e-02
-1.626045873015e-02 1.084396249859e-01 3.781592630896e-02
6
9 2.700000000000e-01
9.971766416732e-02 -4.512333093995e-02 -1.038210145393e-01
-7.058875899348e-02 3.208186882442e-02 2.975754768010e-01
6.950245605703e-02 -3.126668574796e-02 3.086895783894e-01
-3.158322929572e-01 1.594869470134e-01 1.345703185731e-02
-8.599018901300e-03 -1.471018686326e-03 3.439884819243e-02
-1.619154004061e-02 1.086478646240e-01 3.728741330792e-02
6
10 3.000000000000e-01
8.284709711169e-02 -3.677608761026e-02 -7.972673475873e-02
-6.795540471097e-02 2.699821226646e-02 2.825678145945e-01
6.900251961095e-02 -3.092251152677e-02 3.072382079568e-01
-3.139221072136e-01 1.585441448753e-01 1.354201938449e-02
-8.829963745439e-03 -1.834549986259e-03 3.427295107069e-02
-1.611520073805e-02 1.088679369210e-01 3.671462806707e-02
6
11 3.300000000000e-01
6.570328118855e-02 -2.829092185561e-02 -5.514452876469e-02
-6.532507262800e-02 2.190178141873e-02 2.674836709937e-01
6.846226169473e-02 -3.055176088498e-02 3.056556597458e-01
-3.117892338391e-01 1.574894177312e-01 1.362255893724e-02
-9.078799257804e-03 -2.225063899077e-03 3.414009992955e-02
-1.603117836119e-02 1.090944462610e-01 3.610155947746e-02
6
12 3.600000000000e-01
4.860660428474e-02 -1.982969354771e-02 -3.054905430391e-02
-6.272372604930e-02 1.684620135489e-02 2.524873069298e-01
6.787736085161e-02 -3.015287607973e-02 3.039086070109e-01
-3.094023522613e-01 1.563049482813e-01 1.369390785245e-02
-9.342105922006e-03 -2.639279229348e-03 3.399919689662e-02
-1.593907204863e-02 1.093215486869e-01 3.545172248022e-02
6
13 3.900000000000e-01
3.185669074868e-02 -1.153295747866e-02 -6.351884991160e-03
-6.017031946698e-02 1.187311395027e-02 2.377091934886e-01
6.724170390034e-02 -2.972389761215e-02 3.019562921588e-01
-3.067348447343e-01 1.549788983537e-01 1.375193523264e-02
-9.616188390589e-03 -3.073840320376e-03 3.384877066831e-02
-1.583837109887e-02 1.095432333965e-01 3.476821507208e-02
6
14 4.200000000000e-01
1.571655407287e-02 -3.525796980408e-03 1.709828470300e-02
-5.767857501624e-02 7.014688312993e-03 2.232525741752e-01
6.655031226341e-02 -2.926377821323e-02 2.997659653849e-01
-3.037668272389e-01 1.535033113636e-01 1.379274196114e-02
-9.897099080787e-03 -3.525327369450e-03 3.368700362977e-02
-1.572855870730e-02 1.097536567941e-01 3.405398721618e-02
6
15 4.500000000000e-01
4.096010725820e-04 4.075222431682e-03 3.947483087169e-02
-5.525758271605e-02 2.294651800612e-03 2.091966861219e-01
6.580050450680e-02 -2.877228505347e-02 2.973168006920e-01
-3.004818804310e-01 1.518696977909e-01 1.381283001695e-02
-1.018066011942e-02 -3.990247961173e-03 3.351173885559e-02
-1.560917554378e-02 1.099473003702e-01 3.331201525034e-02
6
16 4.800000000000e-01
-1.387100153870e-02 1.116493987008e-02 6.046179351226e-02
-5.291220928494e-02 -2.270923155338e-03 1.955989218626e-01
6.499082828148e-02 -2.824925578983e-02 2.945926590090e-01
-2.968660032640e-01 1.500696132469e-01 1.380927624518e-02
-1.046257772340e-02 -4.465080000523e-03 3.332059960905e-02
-1.547984770504e-02 1.101190594823e-01 3.254535408149e-02
6
17 5.100000000000e-01
-2.695618740740e-02 1.765853219961e-02 7.979195319628e-02
-5.064391218066e-02 -6.672423695923e-03 1.824972172899e-01
6.411951075506e-02 -2.769446412000e-02 2.915751264001e-01
-2.929094293961e-01 1.480977986195e-01 1.377960308399e-02
-1.073861331444e-02 -4.946357455061e-03 3.311119107769e-02
-1.534031349947e-02 1.102643636835e-01 3.175711296602e-02
6
18 5.400000000000e-01
-3.871189258215e-02 2.349668865947e-02 9.728247746007e-02
-4.845181068632e-02 -1.090535087733e-02 1.699130249276e-01
6.318444659659e-02 -2.710784110678e-02 2.882453240045e-01
-2.886087016862e-01 1.459532103571e-01 1.372199751379e-02
-1.100473460442e-02 -5.430746972962e-03 3.288128887341e-02
-1.519045623380e-02 1.103793241471e-01 3.095047075078e-02
6
19 5.700000000000e-01
-4.904977723890e-02 2.863888101742e-02 1.128170484513e-01
-4.633351493927e-02 -1.496922336954e-02 1.578544253599e-01
6.218461101696e-02 -2.648976477340e-02 2.845917232904e-01
-2.839677405752e-01 1.436381620422e-01 1.363548894989e-02
-1.125721849673e-02 -5.915088968080e-03 3.262896373084e-02
-1.503034411487e-02 1.104608979390e-01 3.012876208134e-02
6
20 6.000000000000e-01
-5.792187610279e-02 3.305728424388e-02 1.263050614625e-01
-4.428568579053e-02 -1.886669376088e-02 1.463195667666e-01
6.112112500982e-02 -2.584139226007e-02 2.806149773026e-01
-2.789978772545e-01 1.411578837022e-01 1.351962063822e-02
-1.149271427516e-02 -6.396423785789e-03 3.235263737329e-02
-1.486021028826e-02 1.105068223002e-01 2.929535277367e-02
6
21 6.300000000000e-01
-6.530682727245e-02 3.673799692158e-02 1.376801910154e-01
-4.230455256914e-02 -2.260220157065e-02 1.353008189583e-01
5.999699111961e-02 -2.516474428544e-02 2.763255662164e-01
-2.737168862114e-01 1.385207351979e-01 1.337418402877e-02
-1.170827165408e-02 -6.872028288657e-03 3.205107474536e-02
-1.468036733735e-02 1.105153325756e-01 2.845335067835e-02
6
22 6.600000000000e-01
-7.120894127829e-02 3.968521180037e-02 1.469345647262e-01
-4.038635071620e-02 -2.618035012261e-02 1.247875767322e-01
5.881623643205e-02 -2.446235854051e-02 2.717386848469e-01
-2.681473831530e-01 1.357379235142e-01 1.319933973074e-02
-1.190134130276e-02 -7.339451082135e-03 3.172335656046e-02
-1.449115163333e-02 1.104850671723e-01 2.760552984913e-02
6
23 6.900000000000e-01
-7.566542471058e-02 4.191852699455e-02 1.541259043764e-01
-3.852752694736e-02 -2.960558480690e-02 1.147670968985e-01
5.758354666828e-02 -2.373691479467e-02 2.668722469415e-01
-2.623153220773e-01 1.328224960690e-01 1.299563608337e-02
-1.206978666800e-02 -7.796518667771e-03 3.136891371603e-02
-1.429294403544e-02 1.104152114361e-01 2.675452293553e-02
6
24 7.200000000000e-01
-7.874379947202e-02 4.346672398427e-02 1.593427411274e-01
-3.672478339613e-02 -3.288267158429e-02 1.052246891362e-01
5.630444287883e-02 -2.299127133850e-02 2.617480350645e-01
-2.562490112155e-01 1.297884884997e-01 1.276375118921e-02
-1.221192631287e-02 -8.241315011436e-03 3.098761853002e-02
-1.408623309152e-02 1.103056423347e-01 2.590301462145e-02
6
25 7.500000000000e-01
-8.052829466508e-02 4.436552546547e-02 1.626784579989e-01
-3.497532818390e-02 -3.601689639132e-02 9.614391569441e-02
5.498531362325e-02 -2.222864650828e-02 2.563920746255e-01
-2.499784409550e-01 1.266507037421e-01 1.250437034542e-02
-1.232655445086e-02 -8.672175965471e-03 3.057981045855e-02
-1.387160924843e-02 1.101568090493e-01 2.505363011124e-02
6
26 7.800000000000e-01
-8.111213991783e-02 4.465924674595e-02 1.642453552591e-01
-3.327695402640e-02 -3.901382444490e-02 8.750785573586e-02
5.363301607249e-02 -2.145246657164e-02 2.508327679957e-01
-2.435346395718e-01 1.234246671453e-01 1.221832057093e-02
-1.241289198838e-02 -9.087716761268e-03 3.014617228777e-02
-1.364967740897e-02 1.099694525857e-01 2.420868748141e-02
6
27 8.100000000000e-01
-8.060009753848e-02 4.439992183104e-02 1.641913047481e-01
-3.162763561608e-02 -4.187834495183e-02 7.929986168167e-02
5.225444814327e-02 -2.066602169658e-02 2.450989560154e-01
-2.369489991925e-01 1.201262284166e-01 1.190663416502e-02
-1.247049511073e-02 -9.486849791621e-03 2.968755292409e-02
-1.342100925505e-02 1.097445652957e-01 2.337020334423e-02
6
28 8.400000000000e-01
-7.910858486199e-02 4.364290178734e-02 1.626828088189e-01
-3.002504117006e-02 -4.461490701742e-02 7.150209322818e-02
5.085644495562e-02 -1.987240574041e-02 2.392195326453e-01
-2.302526120135e-01 1.167709941851e-01 1.157042560853e-02
-1.249921084369e-02 -9.868753214260e-03 2.920493568384e-02
-1.318616193222e-02 1.094834609621e-01 2.254001647029e-02
6
29 8.700000000000e-01
-7.675664519688e-02 4.244363953892e-02 1.598770891772e-01
-2.846626644222e-02 -4.722915352469e-02 6.409399680127e-02
4.944582941140e-02 -1.907469558320e-02 2.332236256393e-01
-2.234756787277e-01 1.133740560723e-01 1.121081288894e-02
-1.249920194565e-02 -1.023281107747e-02 2.869955718360e-02
-1.294570105122e-02 1.091876918699e-01 2.171977440746e-02
6
30 9.000000000000e-01
-7.365761993429e-02 4.085721415870e-02 1.559208700052e-01
-2.694814853781e-02 -4.972849717111e-02 5.705244569809e-02
4.802930907831e-02 -1.827594841038e-02 2.271401007543e-01
-2.166471248144e-01 1.099500031813e-01 1.082898053247e-02
-1.247094836734e-02 -1.057858093943e-02 2.817296511180e-02
-1.270020223825e-02 1.088589481832e-01 2.091087300249e-02
6
31 9.300000000000e-01
-6.991937591810e-02 3.893798319357e-02 1.509655771858e-01
-2.546766405124e-02 -5.212125710738e-02 5.035312104603e-02
4.661325431196e-02 -1.747898270914e-02 2.209967817453e-01
-2.097944484508e-01 1.065128341406e-01 1.042622172454e-02
-1.241517068438e-02 -1.090581318947e-02 2.762687618383e-02
-1.245024362934e-02 1.084990519164e-01 2.011448961492e-02
6
32 9.600000000000e-01
-6.564661328977e-02 3.673784181131e-02 1.451650802640e-01
-2.402159242691e-02 -5.441550379974e-02 4.397209352563e-02
4.520357804877e-02 -1.668628652853e-02 2.148201509683e-01
-2.029435604128e-01 1.030756762114e-01 1.000387927246e-02
-1.233272490910e-02 -1.121447501066e-02 2.706294701676e-02
-1.219640517371e-02 1.081100018911e-01 1.933170450483e-02
6
33 9.900000000000e-01
-6.093709445577e-02 3.430449523063e-02 1.386572165392e-01
-2.260620237772e-02 -5.661851416010e-02 3.788649634416e-02
4.380574165869e-02 -1.590012833054e-02 2.086352811947e-01
-1.961184247930e-01 9.965058116177e-02 9.563295083613e-03
-1.222455768116e-02 -1.150471983588e-02 2.648270933947e-02
-1.193927992069e-02 1.076939922180e-01 1.856360034717e-02
6
34 1.020000000000e+00
-5.587592747947e-02 3.168075780826e-02 1.315575421841e-01
-2.121789119754e-02 -5.873674484832e-02 3.207477426221e-02
4.242474527758e-02 -1.512260554219e-02 2.024655225924e-01
-1.893407068436e-01 9.624852454454e-02 9.105828952219e-03
-1.209173852090e-02 -1.177681801063e-02 2.588771595291e-02
-1.167948109022e-02 1.072533545670e-01 1.781125234595e-02
6
35 1.050000000000e+00
-5.053573158893e-02 2.890440820827e-02 1.239701382873e-01
-1.985401024584e-02 -6.077572239025e-02 2.651793160431e-02
4.106506457818e-02 -1.435554493097e-02 1.963321944681e-01
-1.826297433382e-01 9.287943225456e-02 8.632870358273e-03
-1.193547632332e-02 -1.203110824378e-02 2.527966730122e-02
-1.141762368422e-02 1.067904589153e-01 1.707564793849e-02
6
36 1.080000000000e+00
-4.498042302578e-02 2.600828644109e-02 1.159928815186e-01
-1.851305339623e-02 -6.273956836525e-02 2.120166153069e-02
3.973061675656e-02 -1.360045646381e-02 1.902546115682e-01
-1.760027315111e-01 8.955211401014e-02 8.145798130510e-03
-1.175706390190e-02 -1.226799240791e-02 2.466034808128e-02
-1.115428717505e-02 1.063076236668e-01 1.635760760808e-02
6
37 1.110000000000e+00
-3.926529820594e-02 2.302058123303e-02 1.077091884768e-01
-1.719452588940e-02 -6.463050882211e-02 1.611771119539e-02
3.842478140180e-02 -1.285861570918e-02 1.842501590725e-01
-1.694747608383e-01 8.627421052774e-02 7.645943774227e-03
-1.155780483745e-02 -1.248794991876e-02 2.403146111585e-02
-1.088998539142e-02 1.058070407616e-01 1.565771827611e-02
6
38 1.140000000000e+00
-3.343414685552e-02 1.996488297870e-02 9.918276867122e-02
-1.589879107216e-02 -6.644901493296e-02 1.126330689692e-02
3.715042376445e-02 -1.213111532587e-02 1.783341306422e-01
-1.630586667280e-01 8.305224842602e-02 7.134593557067e-03
-1.133898580367e-02 -1.269153071627e-02 2.339455425181e-02
-1.062515664278e-02 1.052907233430e-01 1.497629287752e-02
6
39 1.170000000000e+00
-2.751978044720e-02 1.685998424665e-02 9.046426181132e-02
-1.462691402711e-02 -6.819449486467e-02 6.639229199586e-03
3.590991258045e-02 -1.141882514865e-02 1.725196267559e-01
-1.567650719303e-01 7.989173711301e-02 6.612990736879e-03
-1.110189408144e-02 -1.287931868270e-02 2.275109859740e-02
-1.036016905385e-02 1.047604996717e-01 1.431339229475e-02
6
40 1.200000000000e+00
-2.154815139852e-02 1.372041725331e-02 8.159775895503e-02
-1.338050248492e-02 -6.986585681541e-02 2.248025299865e-03
3.470516887316e-02 -1.072239123937e-02 1.668177959533e-01
-1.506027353854e-01 7.679723834725e-02 6.082314577272e-03
-1.084783321129e-02 -1.305190641122e-02 2.210257968426e-02
-1.009533367706e-02 1.042180462668e-01 1.366890128035e-02
6
41 1.230000000000e+00
-1.554035632356e-02 1.055779250618e-02 7.261871413327e-02
-1.216138365122e-02 -7.146165562483e-02 -1.906943367721e-03
3.353772825876e-02 -1.004231473326e-02 1.612381307332e-01
-1.445788723708e-01 7.377244127965e-02 5.543663880241e-03
-1.057810044003e-02 -1.320990439283e-02 2.145046270535e-02
-9.830921179176e-03 1.036649274557e-01 1.304260509568e-02
6
42 1.260000000000e+00
-9.511487936873e-03 7.381596669694e-03 6.355153559904e-02
-1.097119054928e-02 -7.298021566487e-02 -5.822087136272e-03
3.240876961142e-02 -9.378989191005e-03 1.557885136002e-01
-1.386992276968e-01 7.082027449033e-02 4.998058300873e-03
-1.029394540994e-02 -1.335395919376e-02 2.079607346250e-02
-9.567180228351e-03 1.031026287056e-01 1.243424149081e-02
6
43 1.290000000000e+00
-3.470988236080e-03 4.198904149822e-03 5.441378594548e-02
-9.811278829529e-03 -7.442000566624e-02 -9.494453350433e-03
3.131913449329e-02 -8.732663387228e-03 1.504752441597e-01
-1.329681490125e-01 6.794302317156e-02 4.446438107662e-03
-9.996550383661e-03 -1.348475680690e-02 2.014052973112e-02
-9.304355092051e-03 1.025325904966e-01 1.184354512907e-02
6
44 1.320000000000e+00
2.574076641430e-03 1.014533146624e-03 4.522076158190e-02
-8.682880746194e-03 -7.578001237527e-02 -1.292285265778e-02
3.026939666265e-02 -8.103449650240e-03 1.453033254657e-01
-1.273889061060e-01 6.514243400861e-02 3.889661070011e-03
-9.687034541015e-03 -1.360301258884e-02 1.948476685506e-02
-9.042696328159e-03 1.019562369872e-01 1.127028776407e-02
6
45 1.350000000000e+00
8.616785443792e-03 -2.167545930212e-03 3.598494553751e-02
-7.586948116099e-03 -7.705989856764e-02 -1.610869394807e-02
2.925995541561e-02 -7.491413202436e-03 1.402767990525e-01
-1.219640636543e-01 6.241982827626e-02 3.328513409529e-03
-9.366461576004e-03 -1.370945704534e-02 1.882959683789e-02
-8.782462509011e-03 1.013749870800e-01 1.071429412638e-02
6
46 1.380000000000e+00
1.465099264777e-02 -5.343118198350e-03 2.671536284991e-02
-6.523827517238e-03 -7.826005047555e-02 -1.905611627591e-02
2.829107298641e-02 -6.896620127289e-03 1.353988545233e-01
-1.166956240804e-01 5.977621366516e-02 2.763726055400e-03
-9.035845114517e-03 -1.380482604516e-02 1.817574294009e-02
-8.523919444876e-03 1.007902535987e-01 1.017543357385e-02
6
47 1.410000000000e+00
2.067170305366e-02 -8.508163839512e-03 1.742085974109e-02
-5.493368506434e-03 -7.938159059670e-02 -2.177164088080e-02
2.736286493295e-02 -6.319092077313e-03 1.306718856529e-01
-1.115850478555e-01 5.721236197034e-02 2.195976130733e-03
-8.696156686079e-03 -1.388985643210e-02 1.752385228570e-02
-8.267340092512e-03 1.002034428208e-01 9.653607938892e-03
6
48 1.440000000000e+00
2.667324381742e-02 -1.165936944653e-02 8.112443463774e-03
-4.495291912251e-03 -8.042633522804e-02 -2.426394526684e-02
2.647532893087e-02 -5.758779576833e-03 1.260977356860e-01
-1.066334219124e-01 5.472886828639e-02 1.625885113203e-03
-8.348335680992e-03 -1.396527799825e-02 1.687452000390e-02
-8.013000402300e-03 9.961595130736e-02 9.148741018450e-03
6
49 1.470000000000e+00
3.264769707724e-02 -1.479321554390e-02 -1.198482850482e-03
-3.529177745243e-03 -8.139678030619e-02 -2.654394244388e-02
2.562842001322e-02 -5.215623515027e-03 1.216779562323e-01
-1.018417214771e-01 5.232622736646e-02 1.054035937300e-03
-7.993298639606e-03 -1.403179953135e-02 1.622833429192e-02
-7.761170739304e-03 9.902915322399e-02 8.660761568587e-03
6
50 1.500000000000e+00
3.858571428128e-02 -1.790490787700e-02 -1.050106135165e-02
-2.594201067316e-03 -8.229613574846e-02 -2.862470442058e-02
2.482208996493e-02 -4.689611834707e-03 1.174138315642e-01
-9.721090550834e-02 5.000490327847e-02 4.809978121865e-04
-7.631946074793e-03 -1.409009851283e-02 1.558591541850e-02
-7.512109478258e-03 9.844438486787e-02 8.189582678918e-03
6
51 1.530000000000e+00
4.447758598551e-02 -2.098912975498e-02 -1.978233314868e-02
-1.689224251952e-03 -8.312822330040e-02 -3.052089188285e-02
2.405626712275e-02 -4.180748753072e-03 1.133063360461e-01
-9.274184828918e-02 4.776534804965e-02 -9.266531561536e-05
-7.265164798232e-03 -1.414081806526e-02 1.494792498502e-02
-7.266060462004e-03 9.786293553208e-02 7.735087851885e-03
6
52 1.560000000000e+00
5.031250272200e-02 -2.404124827980e-02 -2.902604302036e-02
-8.131553925190e-04 -8.389721593555e-02 -3.224804362404e-02
2.333083788203e-02 -3.689017187800e-03 1.093562751713e-01
-8.843534482791e-02 4.560799278491e-02 -6.663964408048e-04
-6.893826278739e-03 -1.418456500089e-02 1.431505495305e-02
-7.023249773999e-03 9.728604106997e-02 7.297123608325e-03
6
53 1.590000000000e+00
5.607822389563e-02 -2.705640469232e-02 -3.821583432391e-02
3.500110242594e-05 -8.460749856504e-02 -3.382221645909e-02
2.264567816098e-02 -3.214398790771e-03 1.055644712874e-01
-8.429223097730e-02 4.353326523998e-02 -1.239638246273e-03
-6.518783805929e-03 -1.422190720707e-02 1.368801901413e-02
-6.783881020632e-03 9.671487277395e-02 6.875491846771e-03
6
54 1.620000000000e+00
6.176252736160e-02 -3.002898569448e-02 -4.733764320241e-02
8.563742386756e-04 -8.526372230445e-02 -3.525987300678e-02
2.200068819430e-02 -2.756895852735e-03 1.019317384980e-01
-8.031341446467e-02 4.154161825688e-02 -1.811825112626e-03
-6.140869393165e-03 -1.425337369974e-02 1.306755079364e-02
-6.548132915991e-03 9.615052500476e-02 6.469943180660e-03
6
55 1.650000000000e+00
6.735484163065e-02 -3.295403008057e-02 -5.637808262181e-02
1.652230814653e-03 -8.587074993408e-02 -3.657758180639e-02
2.139575965199e-02 -2.316526688035e-03 9.845873493475e-02
-7.649975786263e-02 3.963351673376e-02 -2.382389861139e-03
-5.760890049472e-03 -1.427945666745e-02 1.245439696067e-02
-6.316160063491e-03 9.559401004250e-02 6.080177389440e-03
6
56 1.680000000000e+00
7.284643520710e-02 -3.582783055382e-02 -6.532332072360e-02
2.423729463728e-03 -8.643339311680e-02 -3.779148805583e-02
2.083075820409e-02 -1.893306503156e-03 9.514597081348e-02
-7.285200781631e-02 3.780938800375e-02 -2.950778508309e-03
-5.379623936993e-03 -1.430061353617e-02 1.184929857496e-02
-6.088094189994e-03 9.504625892128e-02 5.705849526450e-03
6
57 1.710000000000e+00
7.822833337739e-02 -3.864739299256e-02 -7.416022870888e-02
3.171848346018e-03 -8.695625351116e-02 -3.891692062508e-02
2.030558499303e-02 -1.487262187466e-03 9.199390553361e-02
-6.937084160673e-02 3.606959453470e-02 -3.516463558262e-03
-4.997816694352e-03 -1.431727060359e-02 1.125296831557e-02
-5.864044630570e-03 9.450811991501e-02 5.346574371359e-03
6
58 1.740000000000e+00
8.348933817400e-02 -4.140856354511e-02 -8.287523056042e-02
3.897552749945e-03 -8.744380015880e-02 -3.996830459777e-02
1.982020405978e-02 -1.098467906044e-03 8.900287458085e-02
-6.605684031254e-02 3.441444909272e-02 -4.078961382619e-03
-4.616177740773e-03 -1.432982822815e-02 1.066607558173e-02
-5.644099280237e-03 9.398035421791e-02 5.001928510376e-03
6
59 1.770000000000e+00
8.861696919321e-02 -4.410501056174e-02 -9.145048643109e-02
4.601865992446e-03 -8.790039569635e-02 -4.095914627332e-02
1.937456271681e-02 -7.270117949770e-04 8.617293069125e-02
-6.291035707293e-02 3.284418752572e-02 -4.637840024175e-03
-4.235377455211e-03 -1.433866440078e-02 1.008924076664e-02
-5.428326717731e-03 9.346363620496e-02 4.671455580791e-03
6
60 1.800000000000e+00
9.359839429948e-02 -4.673089131396e-02 -9.986385780334e-02
5.285743421130e-03 -8.833012517602e-02 -4.190187080706e-02
1.896850328117e-02 -3.729459457163e-04 8.350386264996e-02
-5.993145391003e-02 3.135890400343e-02 -5.192687260247e-03
-3.856046173724e-03 -1.434413651866e-02 9.523029320099e-03
-5.216778939416e-03 9.295855950584e-02 4.354675186964e-03
6
61 1.830000000000e+00
9.841933432353e-02 -4.928049554516e-02 -1.080926769280e-01
5.949995076589e-03 -8.873668054521e-02 -4.280761766376e-02
1.860181828244e-02 -3.630526776621e-05 8.099528340464e-02
-5.711992155575e-02 2.995855679035e-02 -5.743059344662e-03
-3.478773646500e-03 -1.434658428588e-02 8.967940303206e-03
-5.009493438567e-03 9.246564154848e-02 4.051089070227e-03
6
62 1.860000000000e+00
1.030611823917e-01 -5.174485539859e-02 -1.161120493856e-01
6.595371704535e-03 -8.912344723372e-02 -4.368620304732e-02
1.827433608384e-02 2.828805088504e-04 7.864655289360e-02
-5.447524556968e-02 2.864296492066e-02 -6.288459573559e-03
-3.104107891089e-03 -1.434633367741e-02 8.424396631845e-03
-4.806494300212e-03 9.198532374564e-02 3.760182824318e-03
6
63 1.890000000000e+00
1.074991182871e-01 -5.411063897233e-02 -1.238871382610e-01
7.222645838364e-03 -8.949358093686e-02 -4.454623163811e-02
1.798575947990e-02 5.846891543164e-04 7.645669631971e-02
-5.199650349872e-02 2.741173671494e-02 -6.828305159576e-03
-2.732554731635e-03 -1.434369927254e-02 7.892745164870e-03
-4.607793724621e-03 9.151797382907e-02 3.481429689706e-03
6
64 1.920000000000e+00
1.117041668899e-01 -5.636128524109e-02 -1.313716905132e-01
7.832573534503e-03 -8.984992317349e-02 -4.539517591004e-02
1.773542054827e-02 8.693970613469e-04 7.442455116187e-02
-4.968246017578e-02 2.626431399745e-02 -7.361794351096e-03
-2.364578426705e-03 -1.433898486898e-02 7.373261490430e-03
-4.413394518129e-03 9.106389321859e-02 3.214298177896e-03
6
65 1.950000000000e+00
1.156586712139e-01 -5.848762277301e-02 -1.385298517170e-01
8.425832757578e-03 -9.019492155050e-02 -4.623935686252e-02
1.752234832090e-02 1.137358498091e-03 7.254897806090e-02
-4.753198744773e-02 2.520019594424e-02 -7.887799638857e-03
-2.000602063065e-03 -1.433248423503e-02 6.866149438772e-03
-4.223291635224e-03 9.062332323296e-02 2.958256153489e-03
6
66 1.980000000000e+00
1.193749505773e-01 -6.050025494149e-02 -1.453666151122e-01
9.003025933301e-03 -9.053072375070e-02 -4.708396253502e-02
1.734556435953e-02 1.388823356089e-03 7.082887989355e-02
-4.554424413906e-02 2.421901928358e-02 -8.405129306717e-03
-1.641008200266e-03 -1.432448231046e-02 6.371537453786e-03
-4.037472196743e-03 9.019644650963e-02 2.712769006803e-03
6
67 2.010000000000e+00
1.228831012806e-01 -6.241687445572e-02 -1.519220709439e-01
9.564739627123e-03 -9.085927058745e-02 -4.793319325086e-02
1.720432617547e-02 1.623908452561e-03 6.926306954732e-02
-4.371818628838e-02 2.332030859564e-02 -8.913095683866e-03
-1.286140308485e-03 -1.431525608042e-02 5.889481737244e-03
-3.855915859394e-03 8.978338904685e-02 2.477300480116e-03
6
68 2.040000000000e+00
1.262080779080e-01 -6.424549664293e-02 -1.582362559215e-01
1.011158270505e-02 -9.118222816953e-02 -4.879036859266e-02
1.709828922097e-02 1.842627224077e-03 6.785016789764e-02
-4.205225006182e-02 2.250338104837e-02 -9.411762625448e-03
-9.363039883541e-04 -1.430507474498e-02 5.419977533407e-03
-3.678596465928e-03 8.938422694550e-02 2.251321150991e-03
6
69 2.070000000000e+00
1.293635206260e-01 -6.598679529200e-02 -1.643213249032e-01
1.064411041601e-02 -9.150095091713e-02 -4.965792536279e-02
1.702744726278e-02 2.044925005649e-03 6.658863331508e-02
-4.054498630131e-02 2.176765967904e-02 -9.901539602794e-03
-5.917686142463e-04 -1.429419906545e-02 4.962968623223e-03
-3.505484109743e-03 8.899899226630e-02 2.034316078536e-03
6
70 2.100000000000e+00
1.323553405564e-01 -6.764604621517e-02 -1.701750585135e-01
1.116275497215e-02 -9.181657914442e-02 -5.053749392025e-02
1.699173648315e-02 2.230803053256e-03 6.547688949746e-02
-3.919555978767e-02 2.111277601525e-02 -1.038256100282e-02
-2.527695152157e-04 -1.428288069421e-02 4.518347056123e-03
-3.336545085739e-03 8.862767426543e-02 1.825781344366e-03
6
71 2.130000000000e+00
1.351910471695e-01 -6.922915863201e-02 -1.758171939051e-01
1.166789726703e-02 -9.213009841853e-02 -5.143003953907e-02
1.699083442162e-02 2.400417043862e-03 6.451321065935e-02
-3.800247047641e-02 2.053784936618e-02 -1.085478059377e-02
8.049106440655e-05 -1.427136290501e-02 4.085951759915e-03
-3.171739993402e-03 8.827022100138e-02 1.625218434792e-03
6
72 2.160000000000e+00
1.379008366657e-01 -7.074880773772e-02 -1.812994843651e-01
1.215994880408e-02 -9.244228760567e-02 -5.233595513164e-02
1.702422178675e-02 2.554047944710e-03 6.369524280570e-02
-3.696192797471e-02 2.004075743759e-02 -1.131832284112e-02
4.078434406174e-04 -1.425988156583e-02 3.665576032179e-03
-3.011024591461e-03 8.792654405351e-02 1.432139168794e-03
6
73 2.190000000000e+00
1.405055843581e-01 -7.221632585805e-02 -1.866554774171e-01
1.263928066033e-02 -9.275372585441e-02 -5.325511237376e-02
1.709094092952e-02 2.692037185540e-03 6.301972551703e-02
-3.606837909261e-02 1.961861421159e-02 -1.177299399522e-02
7.291482285652e-04 -1.424866380573e-02 3.256979031470e-03
-2.854353008898e-03 8.759652364765e-02 1.246074885144e-03
6
74 2.220000000000e+00
1.429878182720e-01 -7.361434213990e-02 -1.918726201654e-01
1.310614411085e-02 -9.306487519562e-02 -5.418694755043e-02
1.718942992861e-02 2.814803277657e-03 6.248240321553e-02
-3.531649416748e-02 1.926889038420e-02 -1.221768758583e-02
1.044295756128e-03 -1.423792583109e-02 2.859886653907e-03
-2.701676879965e-03 8.728001019492e-02 1.066573951498e-03
6
75 2.250000000000e+00
1.453187029460e-01 -7.492364038539e-02 -1.969141801374e-01
1.356073114023e-02 -9.337610310756e-02 -5.513054236724e-02
1.731772603274e-02 2.922960352705e-03 6.207840196509e-02
-3.470292424878e-02 1.899015209146e-02 -1.265090463886e-02
1.353203908195e-03 -1.422787249750e-02 2.473991025841e-03
-2.552943133271e-03 8.697682703820e-02 8.931960981226e-04
6
76 2.280000000000e+00
1.474802003101e-01 -7.613970666677e-02 -2.017349743233e-01
1.400327792803e-02 -9.368766369502e-02 -5.608472275567e-02
1.747397150171e-02 3.017243557463e-03 6.180347930550e-02
-3.422641912263e-02 1.878194126730e-02 -1.307197034191e-02
1.655816160363e-03 -1.421869931073e-02 2.098955070655e-03
-2.408093245261e-03 8.668677539932e-02 7.255121785394e-04
6
77 2.310000000000e+00
1.494796652297e-01 -7.726985567156e-02 -2.063111843176e-01
1.443400075856e-02 -9.399968263411e-02 -5.704809902649e-02
1.765708280208e-02 3.098186411474e-03 6.165524768953e-02
-3.388632102616e-02 1.864389650859e-02 -1.348125741043e-02
1.952100855897e-03 -1.421059246534e-02 1.734421933630e-03
-2.267066393079e-03 8.640964052094e-02 5.631138701205e-04
6
78 2.340000000000e+00
1.513254157065e-01 -7.831933313022e-02 -2.106445086191e-01
1.485298921374e-02 -9.431221747322e-02 -5.801896834981e-02
1.786676355240e-02 3.165876612101e-03 6.163335150244e-02
-3.368108036725e-02 1.857495026977e-02 -1.387939262979e-02
2.242045762235e-03 -1.420372548462e-02 1.380027948058e-03
-2.129803516282e-03 8.614519603547e-02 4.056248520046e-04
6
79 2.370000000000e+00
1.530340232870e-01 -7.929835420154e-02 -2.147599964538e-01
1.526029425392e-02 -9.462532040673e-02 -5.899536247949e-02
1.810300412132e-02 3.220078783272e-03 6.173778280102e-02
-3.360795282094e-02 1.857338222268e-02 -1.426655228801e-02
2.525655892156e-03 -1.419825877443e-02 1.035406377593e-03
-1.996242515856e-03 8.589320225285e-02 2.526943651602e-04
6
80 2.400000000000e+00
1.546384075432e-01 -8.022314684905e-02 -2.187057622669e-01
1.565601949344e-02 -9.493899382187e-02 -5.997528016949e-02
1.836569190057e-02 3.260767021984e-03 6.196644008584e-02
-3.366363640190e-02 1.863732102511e-02 -1.464244467101e-02
2.802955249511e-03 -1.419434285200e-02 7.001831092728e-04
-1.866316664058e-03 8.565340548147e-02 1.039886404594e-04
6
81 2.430000000000e+00
1.561612719968e-01 -8.109990181168e-02 -2.225190858246e-01
1.604026795444e-02 -9.525315351597e-02 -6.095675041860e-02
1.865435307468e-02 3.288327623158e-03 6.231475442244e-02
-3.384437221326e-02 1.876488636032e-02 -1.500712126403e-02
3.073985486165e-03 -1.419211572545e-02 3.739788143595e-04
-1.739962435049e-03 8.542555086658e-02 -4.079928094097e-05
6
82 2.460000000000e+00
1.576214596474e-01 -8.194368898732e-02 -2.262220505322e-01
1.641305439047e-02 -9.556770434960e-02 -6.193767634516e-02
1.896805192626e-02 3.303246877127e-03 6.277765331417e-02
-3.414605904625e-02 1.895420124306e-02 -1.536083007705e-02
3.338799316150e-03 -1.419169784667e-02 5.642134691697e-05
-1.617122487589e-03 8.520939020858e-02 -1.819375762782e-04
6
83 2.490000000000e+00
1.590503502866e-01 -8.276812179372e-02 -2.298465178039e-01
1.677435124977e-02 -9.588261729528e-02 -6.291590685162e-02
1.930561427694e-02 3.305861413079e-03 6.335129772361e-02
-3.456481970133e-02 1.920363174409e-02 -1.570312810157e-02
3.597460158136e-03 -1.419319666737e-02 -2.528504142711e-04
-1.497737423236e-03 8.500466994785e-02 -3.196683624426e-04
6
84 2.520000000000e+00
1.604643663838e-01 -8.356957401445e-02 -2.334124515165e-01
1.712417413399e-02 -9.619779756175e-02 -6.388934237776e-02
1.966586730754e-02 3.296249363545e-03 6.403280323696e-02
-3.509702227729e-02 1.951145347548e-02 -1.603340737885e-02
3.850041679082e-03 -1.419671191008e-02 -5.541845777393e-04
-1.381742866304e-03 8.481112831686e-02 -4.542209987431e-04
6
85 2.550000000000e+00
1.618584610892e-01 -8.435337708639e-02 -2.369413493760e-01
1.746266507389e-02 -9.651301609606e-02 -6.485587871774e-02
2.004735329297e-02 3.274588191447e-03 6.481947151323e-02
-3.573901073137e-02 1.987560386147e-02 -1.635164672586e-02
4.096621813914e-03 -1.420233098088e-02 -8.479120750768e-04
-1.269074997694e-03 8.462850829693e-02 -5.858075317269e-04
6
86 2.580000000000e+00
1.632464797447e-01 -8.512499768767e-02 -2.404604099816e-01
1.779005308080e-02 -9.682811324064e-02 -6.581356241788e-02
2.044888674893e-02 3.241151641223e-03 6.570821956353e-02
-3.648702616673e-02 2.029425198775e-02 -1.665772468561e-02
4.337282042551e-03 -1.421012519549e-02 -1.134344502989e-03
-1.159669202808e-03 8.445655803865e-02 -7.146146264959e-04
6
87 2.610000000000e+00
1.646262136915e-01 -8.587368829489e-02 -2.439612250937e-01
1.810632063174e-02 -9.714292941543e-02 -6.676046676328e-02
2.087021522851e-02 3.195945303996e-03 6.669506318756e-02
-3.733752491645e-02 2.076583628797e-02 -1.695153665872e-02
4.572108772083e-03 -1.422015417304e-02 -1.413776177358e-03
-1.053458712218e-03 8.429502272786e-02 -8.408022870210e-04
6
88 2.640000000000e+00
1.659767171075e-01 -8.660365739675e-02 -2.474228077321e-01
1.841152396400e-02 -9.745724409976e-02 -6.769461140610e-02
2.131102202865e-02 3.139154623495e-03 6.777571971072e-02
-3.828734287890e-02 2.128817965925e-02 -1.723382284120e-02
4.801194907403e-03 -1.423246860475e-02 -1.686488356767e-03
-9.503829162991e-04 8.414365073839e-02 -9.645060403929e-04
6
89 2.670000000000e+00
1.673038118626e-01 -8.732107383210e-02 -2.508527068708e-01
1.870603335979e-02 -9.777079316711e-02 -6.861420267630e-02
2.176997960275e-02 3.071249205447e-03 6.894686419528e-02
-3.933370119825e-02 2.185897158418e-02 -1.750498689693e-02
5.024636135208e-03 -1.424710797405e-02 -1.952741051488e-03
-8.503850175141e-04 8.400219258450e-02 -1.085852200677e-03
6
90 2.700000000000e+00
1.686055129091e-01 -8.801239490634e-02 -2.542507590995e-01
1.899008701477e-02 -9.808321996561e-02 -6.951758245446e-02
2.224594347462e-02 2.992182116262e-03 7.020565207448e-02
-4.047394329619e-02 2.247708139556e-02 -1.776421286177e-02
5.242529312042e-03 -1.426410146966e-02 -2.212772306451e-03
-7.533975276063e-04 8.387038585553e-02 -1.204976602742e-03
6
91 2.730000000000e+00
1.698718363816e-01 -8.867060910145e-02 -2.575898983168e-01
1.926369150268e-02 -9.839423469354e-02 -7.040305716201e-02
2.273885251134e-02 2.901702065112e-03 7.154821252968e-02
-4.170492900674e-02 2.314187334301e-02 -1.801101397791e-02
5.454978316628e-03 -1.428346648027e-02 -2.466809135232e-03
-6.593483331122e-04 8.374796276029e-02 -1.321998441953e-03
6
92 2.760000000000e+00
1.711014449616e-01 -8.930553743115e-02 -2.608504970016e-01
1.952695397314e-02 -9.870349271342e-02 -7.126881606427e-02
2.324862857060e-02 2.800154902433e-03 7.297021651188e-02
-4.302337423113e-02 2.385134414589e-02 -1.824618042936e-02
5.662088097039e-03 -1.430520333537e-02 -2.715061114674e-03
-5.681767564985e-04 8.363468221023e-02 -1.436980443347e-03
6
93 2.790000000000e+00
1.722860513814e-01 -8.991262572641e-02 -2.640242981194e-01
1.978016933116e-02 -9.901032595082e-02 -7.211302631133e-02
2.377447295895e-02 2.687919787590e-03 7.446801109451e-02
-4.442629569077e-02 2.460278731742e-02 -1.847005226502e-02
5.863951675906e-03 -1.432930729925e-02 -2.957708339280e-03
-4.798337502122e-04 8.353033804794e-02 -1.549942268894e-03
6
94 2.820000000000e+00
1.734253366428e-01 -9.047457287416e-02 -2.671144829428e-01
2.002337114217e-02 -9.931426254034e-02 -7.293432064525e-02
2.431496385790e-02 2.565194731987e-03 7.603897640979e-02
-4.591032202846e-02 2.539514161377e-02 -1.868149456092e-02
6.060662290521e-03 -1.435577435970e-02 -3.194913839785e-03
-3.942669379491e-04 8.343470360124e-02 -1.660929299887e-03
6
95 2.850000000000e+00
1.745241446791e-01 -9.100570358857e-02 -2.701210039554e-01
2.025680674870e-02 -9.961549415534e-02 -7.373219182693e-02
2.486887800094e-02 2.432254753896e-03 7.768100320781e-02
-4.747131071473e-02 2.622792257573e-02 -1.888004478861e-02
6.252337813266e-03 -1.438458532259e-02 -3.426845635890e-03
-3.114049396093e-04 8.334748106133e-02 -1.770059417928e-03
6
96 2.880000000000e+00
1.755751848612e-01 -9.150363604303e-02 -2.730162348905e-01
2.048125633974e-02 -9.991387357051e-02 -7.450597898447e-02
2.543598196140e-02 2.288950759302e-03 7.939080243726e-02
-4.910511294854e-02 2.709846331300e-02 -1.906763466820e-02
6.439096996565e-03 -1.441571680896e-02 -3.653661176975e-03
-2.311578148029e-04 8.326834790035e-02 -1.877468017681e-03
6
97 2.910000000000e+00
1.765680761348e-01 -9.195253946935e-02 -2.757975135703e-01
2.069676690664e-02 -1.002086043989e-01 -7.525394035033e-02
2.601633087928e-02 2.134456806204e-03 8.116358282734e-02
-5.080809574169e-02 2.800285347148e-02 -1.924605115045e-02
6.621010825552e-03 -1.444914677098e-02 -3.875455278498e-03
-1.534402714814e-04 8.319705580357e-02 -1.983199673364e-03
6
98 2.940000000000e+00
1.775044428489e-01 -9.235945723033e-02 -2.784808237922e-01
2.090291981073e-02 -1.004993544272e-01 -7.597493223416e-02
2.660906848690e-02 1.968578133660e-03 8.299521482042e-02
-5.257668527628e-02 2.893904455376e-02 -1.941387467369e-02
6.798137094111e-03 -1.448481852831e-02 -4.092279055353e-03
-7.821795985319e-05 8.313345708676e-02 -2.087174097377e-03
6
99 2.970000000000e+00
1.783856908883e-01 -9.273439005824e-02 -2.810541640923e-01
2.110031488672e-02 -1.007857464625e-01 -7.666907994107e-02
2.721236429411e-02 1.792853618462e-03 8.488329836282e-02
-5.440643574996e-02 2.990691596304e-02 -1.956891314369e-02
6.970584073780e-03 -1.452265666605e-02 -4.304229355565e-03
-5.499509661389e-06 8.307738841124e-02 -2.189306628381e-03
6
100 3.000000000000e+00
1.792094010768e-01 -9.307450220592e-02 -2.835128443517e-01
2.129017988594e-02 -1.010672597772e-01 -7.733573033864e-02
2.782472789468e-02 1.608675126896e-03 8.682519368513e-02
-5.629227803771e-02 3.090535988606e-02 -1.971245752588e-02
7.138472677514e-03 -1.456263163685e-02 -4.511441758343e-03
6.478637895801e-05 8.302851879825e-02 -2.289691428013e-03
6
101 3.030000000000e+00
1.799753703785e-01 -9.335984214040e-02 -2.858597763035e-01
2.147260297108e-02 -1.013444079003e-01 -7.797371311721e-02
2.844590518205e-02 1.415423538731e-03 8.881620712046e-02
-5.823038055919e-02 3.193049805686e-02 -1.984800232746e-02
7.301888842761e-03 -1.460473740998e-02 -4.714008336334e-03
1.328067848969e-04 8.298643091844e-02 -2.388536627506e-03
6
102 3.060000000000e+00
1.806734897014e-01 -9.359728421380e-02 -2.880823994229e-01
2.164629001129e-02 -1.016167762655e-01 -7.858296210621e-02
2.907570772802e-02 1.212048346946e-03 9.085074942827e-02
-6.021828391300e-02 3.297787605213e-02 -1.997645977233e-02
7.460904962975e-03 -1.464891140896e-02 -4.911962489664e-03
1.986362447370e-04 8.295088712616e-02 -2.485869919529e-03
6
103 3.090000000000e+00
1.812991376562e-01 -9.380066120104e-02 -2.901727848656e-01
2.181126209639e-02 -1.018817876601e-01 -7.916281749200e-02
2.971257256183e-02 9.992029597359e-04 9.292493543053e-02
-6.225252525319e-02 3.404557623638e-02 -2.009543980940e-02
7.615578188671e-03 -1.469503765771e-02 -5.105305569323e-03
2.622130676614e-04 8.292184873882e-02 -2.581516616034e-03
6
104 3.120000000000e+00
1.818534861549e-01 -9.395482611753e-02 -2.921248433699e-01
2.196950434142e-02 -1.021386846225e-01 -7.971116670296e-02
3.035414675478e-02 7.790238387513e-04 9.503717848476e-02
-6.432776930235e-02 3.513354438275e-02 -2.020306868739e-02
7.765947729831e-03 -1.474300998816e-02 -5.294030044432e-03
3.235636182654e-04 8.289916630529e-02 -2.675416758552e-03
6
105 3.150000000000e+00
1.823409344483e-01 -9.406513978880e-02 -2.939405628344e-01
2.212094255905e-02 -1.023897870047e-01 -8.022737978733e-02
3.099869327879e-02 5.534752593027e-04 9.718599270725e-02
-6.643894822690e-02 3.624077134177e-02 -2.029997340560e-02
7.912092711483e-03 -1.479276971247e-02 -5.478180091282e-03
3.828828167285e-04 8.288241103849e-02 -2.767713756334e-03
6
106 3.180000000000e+00
1.827613186591e-01 -9.413589473966e-02 -2.956277234250e-01
2.226287470963e-02 -1.026351988396e-01 -8.071229259670e-02
3.164513391422e-02 3.230031914635e-04 9.936832187188e-02
-6.858302247120e-02 3.736405567906e-02 -2.038794557236e-02
8.054144656370e-03 -1.484430310242e-02 -5.657882781646e-03
4.402837130565e-04 8.287117728383e-02 -2.858453365769e-03
6
107 3.210000000000e+00
1.831029810158e-01 -9.415290577645e-02 -2.971765522383e-01
2.239487976520e-02 -1.028705377888e-01 -8.116413263446e-02
3.229245623453e-02 8.667177475669e-05 1.015804909749e-01
-7.075806764726e-02 3.849960470188e-02 -2.046853959140e-02
8.192199846058e-03 -1.489757879101e-02 -5.833241522931e-03
4.956663574061e-04 8.286540100390e-02 -2.947488524078e-03
6
108 3.240000000000e+00
1.833684308499e-01 -9.412289677357e-02 -2.985681150318e-01
2.251964019407e-02 -1.030925639954e-01 -8.157906318355e-02
3.294002255028e-02 -1.562266899926e-04 1.038195000230e-01
-7.296119497186e-02 3.964548833350e-02 -2.054261686346e-02
8.326274421934e-03 -1.495248215693e-02 -6.004207018310e-03
5.489764627523e-04 8.286507810618e-02 -3.034797752188e-03
6
109 3.270000000000e+00
1.835587685248e-01 -9.405030978351e-02 -2.997948050714e-01
2.263854173199e-02 -1.033044636263e-01 -8.195730412540e-02
3.358751722697e-02 -4.046973865205e-04 1.060831006308e-01
-7.518801862026e-02 4.080131162726e-02 -2.061023968051e-02
8.456394359349e-03 -1.500887264186e-02 -6.170660665697e-03
6.004264962082e-04 8.286979929779e-02 -3.120601443400e-03
6
110 3.300000000000e+00
1.836690378856e-01 -9.393237505715e-02 -3.008592047628e-01
2.274900003611e-02 -1.035113023388e-01 -8.230325959341e-02
3.423407750543e-02 -6.564500740548e-04 1.083697599238e-01
-7.743425074864e-02 4.196587177160e-02 -2.067107763809e-02
8.582665974716e-03 -1.506668001212e-02 -6.332620955409e-03
6.502725612785e-04 8.287899189073e-02 -3.204997906041e-03
6
111 3.330000000000e+00
1.837195043303e-01 -9.377640558676e-02 -3.017688607686e-01
2.284769786237e-02 -1.037109235330e-01 -8.261765235969e-02
3.487813782161e-02 -9.096830964412e-04 1.106782438431e-01
-7.969652235809e-02 4.313636756055e-02 -2.072559777926e-02
8.705193809359e-03 -1.512586572092e-02 -6.490240062903e-03
6.984793718085e-04 8.289252556713e-02 -3.287769838682e-03
6
112 3.360000000000e+00
1.837364485007e-01 -9.358966412877e-02 -3.025368299226e-01
2.293607693678e-02 -1.038947699642e-01 -8.289421552259e-02
3.551815910020e-02 -1.164009720742e-03 1.130064036069e-01
-8.197148443720e-02 4.430980970147e-02 -2.077551212011e-02
8.824006903775e-03 -1.518634600871e-02 -6.643609883516e-03
7.448315441891e-04 8.291059043276e-02 -3.368732163694e-03
6
113 3.390000000000e+00
1.837286457036e-01 -9.338426366912e-02 -3.031827241489e-01
2.301857135864e-02 -1.040589911229e-01 -8.312660225893e-02
3.615326424752e-02 -1.419780612953e-03 1.153505389533e-01
-8.425530171504e-02 4.548432292321e-02 -2.082242773610e-02
8.939142492213e-03 -1.524803611665e-02 -6.792703863391e-03
7.893050135432e-04 8.293306813485e-02 -3.447947256913e-03
6
114 3.420000000000e+00
1.837024010144e-01 -9.317351095988e-02 -3.037279938351e-01
2.309499922013e-02 -1.042094879374e-01 -8.331622967464e-02
3.678297853966e-02 -1.677048023099e-03 1.177065869813e-01
-8.654420408310e-02 4.665869002789e-02 -2.086636341060e-02
9.050713009044e-03 -1.531090690710e-02 -6.937483122267e-03
8.321235439559e-04 8.295948764234e-02 -3.525449597558e-03
6
115 3.450000000000e+00
1.836735280558e-01 -9.296227935384e-02 -3.041957355272e-01
2.315983751385e-02 -1.043531527286e-01 -8.347024377973e-02
3.740644909938e-02 -1.935135012696e-03 1.200720040847e-01
-8.883505020252e-02 4.783121545307e-02 -2.090579591624e-02
9.158790882078e-03 -1.537490055967e-02 -7.077912138538e-03
8.735014200875e-04 8.298951998014e-02 -3.601108550614e-03
6
116 3.480000000000e+00
1.836617769417e-01 -9.276046997189e-02 -3.046154000979e-01
2.320966279398e-02 -1.044872663396e-01 -8.359107267276e-02
3.802227848290e-02 -2.192676121197e-03 1.224457219340e-01
-9.112497745945e-02 4.899972132053e-02 -2.093916009343e-02
9.263330876754e-03 -1.543982661862e-02 -7.213914348855e-03
9.134601359393e-04 8.302313903407e-02 -3.674876709924e-03
6
117 3.510000000000e+00
1.836762463618e-01 -9.258244694802e-02 -3.050116473194e-01
2.324769183801e-02 -1.046014300221e-01 -8.367111544143e-02
3.862865172586e-02 -2.447723762402e-03 1.248265199131e-01
-9.341066287911e-02 5.016236873452e-02 -2.096616480595e-02
9.364345226780e-03 -1.550544535484e-02 -7.345495581881e-03
9.518706862042e-04 8.306032305218e-02 -3.746864566375e-03
6
118 3.540000000000e+00
1.837206429242e-01 -9.243081623549e-02 -3.054021950731e-01
2.327912465315e-02 -1.046893177039e-01 -8.370023115706e-02
3.922307341753e-02 -2.698049897331e-03 1.272124066747e-01
-9.568799499578e-02 5.131760864698e-02 -2.098716856201e-02
9.462037421456e-03 -1.557167051973e-02 -7.472858603779e-03
9.886102793460e-04 8.310089863990e-02 -3.817038137304e-03
6
119 3.570000000000e+00
1.838057915609e-01 -9.230080542546e-02 -3.058119924469e-01
2.330349158976e-02 -1.047554361270e-01 -8.367726450858e-02
3.980259477532e-02 -2.941907064416e-03 1.296011755639e-01
-9.795233005393e-02 5.246366948593e-02 -2.100139600623e-02
9.556566542323e-03 -1.563862651824e-02 -7.596160055221e-03
1.023693613670e-03 8.314470798916e-02 -3.885094473934e-03
6
120 3.600000000000e+00
1.839389653223e-01 -9.219860303774e-02 -3.062612232749e-01
2.331465086238e-02 -1.048091451037e-01 -8.361125777256e-02
4.036512787085e-02 -3.178948028801e-03 1.319904219317e-01
-1.001996877108e-01 5.359893713363e-02 -2.100665701403e-02
9.647767255080e-03 -1.570644978122e-02 -7.715167837578e-03
1.057298973330e-03 8.319167674694e-02 -3.950823577838e-03
6
121 3.630000000000e+00
1.841131837076e-01 -9.213379484002e-02 -3.067511198126e-01
2.330836034880e-02 -1.048529275127e-01 -8.350993153447e-02
4.091025033337e-02 -3.410136573640e-03 1.343767844582e-01
-1.024283320840e-01 5.472250371448e-02 -2.100089220982e-02
9.735349975718e-03 -1.577501208175e-02 -7.829425030675e-03
1.089630138679e-03 8.324167149589e-02 -4.014390949538e-03
6
122 3.660000000000e+00
1.843128318760e-01 -9.209955029533e-02 -3.072789566890e-01
2.328677235201e-02 -1.048784988994e-01 -8.336920782674e-02
4.143800452723e-02 -3.635906338381e-03 1.367561888710e-01
-1.046385567430e-01 5.583389569460e-02 -2.098325084276e-02
9.819384382991e-03 -1.584386602134e-02 -7.938819432086e-03
1.120688583714e-03 8.329446214384e-02 -4.076046224958e-03
6
123 3.690000000000e+00
1.845228492142e-01 -9.208485178666e-02 -3.078483516383e-01
2.325476988970e-02 -1.048753075780e-01 -8.317698300336e-02
4.194746999018e-02 -3.854724976517e-03 1.391256256363e-01
-1.068303555586e-01 5.693255172166e-02 -2.095374202480e-02
9.900342058921e-03 -1.591254562420e-02 -8.043746197349e-03
1.150238078233e-03 8.334985271386e-02 -4.135685606095e-03
6
124 3.720000000000e+00
1.847279808323e-01 -9.209023219529e-02 -3.084478978704e-01
2.321406047173e-02 -1.048413928801e-01 -8.292647924994e-02
4.243743017990e-02 -4.064516462025e-03 1.414840514669e-01
-1.090021688940e-01 5.801786283803e-02 -2.091242718277e-02
9.978531714111e-03 -1.598098572418e-02 -8.144547157078e-03
1.178080295116e-03 8.340780533655e-02 -4.192889478097e-03
6
125 3.750000000000e+00
1.849084552900e-01 -9.210940180823e-02 -3.090415286123e-01
2.316149166285e-02 -1.047845251954e-01 -8.262299255375e-02
4.290761479751e-02 -4.264847393050e-03 1.438314042301e-01
-1.111521624467e-01 5.908952701325e-02 -2.085880400433e-02
1.005363642202e-02 -1.604958902986e-02 -8.240937863857e-03
1.204308075228e-03 8.346846156400e-02 -4.247339966569e-03
6
126 3.780000000000e+00
1.850403617254e-01 -9.212059492043e-02 -3.095897975763e-01
2.309243209751e-02 -1.047135073115e-01 -8.227779862910e-02
4.335792204446e-02 -4.456296148747e-03 1.461681299606e-01
-1.132794936565e-01 6.014768663004e-02 -2.079154051816e-02
1.012500677726e-02 -1.611876269194e-02 -8.332216376020e-03
1.229182041443e-03 8.353200091429e-02 -4.299069963403e-03
6
127 3.810000000000e+00
1.850961274074e-01 -9.210853360151e-02 -3.100532897929e-01
2.300564665160e-02 -1.046296292819e-01 -8.189772958158e-02
4.378716616784e-02 -4.638402140024e-03 1.484955862782e-01
-1.153837795922e-01 6.119281623142e-02 -2.070895839105e-02
1.019241303750e-02 -1.618836862982e-02 -8.418055768046e-03
1.252792125454e-03 8.359838531214e-02 -4.348291027427e-03
6
128 3.840000000000e+00
1.850495797571e-01 -9.206551222819e-02 -3.103800344422e-01
2.290454501083e-02 -1.045262026434e-01 -8.148007364685e-02
4.419419399243e-02 -4.810108358432e-03 1.508146769132e-01
-1.174640187499e-01 6.222519021383e-02 -2.061005533076e-02
1.025636156535e-02 -1.625770307758e-02 -8.498905517594e-03
1.274952006322e-03 8.366726253035e-02 -4.395059826040e-03
6
129 3.870000000000e+00
1.848844371152e-01 -9.197452135615e-02 -3.105220980432e-01
2.279353449697e-02 -1.043954493919e-01 -8.101622600038e-02
4.457958421373e-02 -4.971854178258e-03 1.531233365231e-01
-1.195185809570e-01 6.324423240552e-02 -2.049475150038e-02
1.031759221520e-02 -1.632607779386e-02 -8.575474240376e-03
1.295433463868e-03 8.373821926131e-02 -4.439180454151e-03
6
130 3.900000000000e+00
1.845964916753e-01 -9.182269952921e-02 -3.104621433283e-01
2.267353667159e-02 -1.042354370804e-01 -8.050068530661e-02
4.494457266269e-02 -5.125255870404e-03 1.554166391403e-01
-1.215458683399e-01 6.424870012850e-02 -2.036291260126e-02
1.037629223800e-02 -1.639342729842e-02 -8.647856388786e-03
1.314220068135e-03 8.381115319600e-02 -4.480434189639e-03
6
131 3.930000000000e+00
1.841888077940e-01 -9.162039027016e-02 -3.102048825406e-01
2.254120681447e-02 -1.040507658548e-01 -7.993698196511e-02
4.528877896201e-02 -5.270672684138e-03 1.576896132023e-01
-1.235442781355e-01 6.523749063515e-02 -2.021346437192e-02
1.043184589211e-02 -1.646031254447e-02 -8.715263886042e-03
1.331502596999e-03 8.388634105243e-02 -4.518840448863e-03
6
132 3.960000000000e+00
1.836687247616e-01 -9.138327083113e-02 -3.097610331482e-01
2.239249973625e-02 -1.038480532181e-01 -7.933504969706e-02
4.561054257230e-02 -5.406862617754e-03 1.599386740194e-01
-1.255114865447e-01 6.620985933206e-02 -2.004454639173e-02
1.048336590677e-02 -1.652731575947e-02 -8.776678737887e-03
1.347458825703e-03 8.396413965042e-02 -4.554607289873e-03
6
133 3.990000000000e+00
1.830461514278e-01 -9.111195857294e-02 -3.091560032638e-01
2.222714482343e-02 -1.036312844105e-01 -7.870320776904e-02
4.590915908939e-02 -5.533246694675e-03 1.621602784370e-01
-1.274440125353e-01 6.716484884974e-02 -1.985426376557e-02
1.053047982952e-02 -1.659443687160e-02 -8.831776498676e-03
1.362052234392e-03 8.404465886748e-02 -4.587813964419e-03
6
134 4.020000000000e+00
1.823319472344e-01 -9.080852625489e-02 -3.084307577632e-01
2.204936546901e-02 -1.034002972082e-01 -7.804293992467e-02
4.618530117199e-02 -5.650825526184e-03 1.643501600416e-01
-1.293375578375e-01 6.810103236581e-02 -1.964135824161e-02
1.057363921864e-02 -1.666101829738e-02 -8.881144711546e-03
1.375058010957e-03 8.412768251067e-02 -4.618227834711e-03
6
135 4.050000000000e+00
1.815396588571e-01 -9.049087281090e-02 -3.076150843708e-01
2.186371228292e-02 -1.031522606296e-01 -7.735026247797e-02
4.643917084552e-02 -5.760259982863e-03 1.665052148574e-01
-1.311881107850e-01 6.901700995409e-02 -1.940564637986e-02
1.061367301808e-02 -1.672622805919e-02 -8.925597400248e-03
1.386271531634e-03 8.421285916323e-02 -4.645488927758e-03
6
136 4.080000000000e+00
1.806852841656e-01 -9.017246917907e-02 -3.067118689729e-01
2.167079866757e-02 -1.028838654458e-01 -7.662040880171e-02
4.666940052117e-02 -5.860395098265e-03 1.686252115768e-01
-1.329931999499e-01 6.991175303936e-02 -1.914807346692e-02
1.065102087133e-02 -1.678972176027e-02 -8.965337471523e-03
1.395667123591e-03 8.429999672569e-02 -4.669460840930e-03
6
137 4.110000000000e+00
1.797798574115e-01 -8.984669108698e-02 -3.057086168575e-01
2.146718964663e-02 -1.025930820743e-01 -7.585225080075e-02
4.687424078403e-02 -5.949715435768e-03 1.707110881416e-01
-1.347521474977e-01 7.078437738068e-02 -1.886997718269e-02
1.068533882676e-02 -1.685191160722e-02 -8.999749428543e-03
1.403385534027e-03 8.438923150735e-02 -4.690374806447e-03
6
138 4.140000000000e+00
1.788227345880e-01 -8.949820253784e-02 -3.045854461954e-01
2.124863875346e-02 -1.022801759167e-01 -7.505020101493e-02
4.705326363316e-02 -6.028576949363e-03 1.727612759663e-01
-1.364647982125e-01 7.163397816924e-02 -1.857170271394e-02
1.071576944365e-02 -1.691357210611e-02 -9.027936315442e-03
1.409595076380e-03 8.448092996600e-02 -4.708614295186e-03
6
139 4.170000000000e+00
1.778079722808e-01 -8.911453911472e-02 -3.033152629520e-01
2.101377960384e-02 -1.019479093941e-01 -7.422206559628e-02
4.720738234047e-02 -6.098869029759e-03 1.747704114082e-01
-1.381299357670e-01 7.245985067649e-02 -1.825180912341e-02
1.074163066930e-02 -1.697515132959e-02 -9.049475063951e-03
1.414371474062e-03 8.457536578652e-02 -4.724378724786e-03
6
140 4.200000000000e+00
1.767366106761e-01 -8.868562464713e-02 -3.018747036651e-01
2.076560080727e-02 -1.016006658578e-01 -7.337470817904e-02
4.733731533325e-02 -6.161525254841e-03 1.767318893851e-01
-1.397449942743e-01 7.326155996700e-02 -1.790780943135e-02
1.076293302931e-02 -1.703641931884e-02 -9.064731331749e-03
1.417665413426e-03 8.467246583520e-02 -4.737546562895e-03
6
141 4.230000000000e+00
1.756188070103e-01 -8.820479233616e-02 -3.002613388101e-01
2.050986244707e-02 -1.012427645415e-01 -7.251182711573e-02
4.744251204237e-02 -6.215452653212e-03 1.786410817632e-01
-1.413072416142e-01 7.403868661057e-02 -1.753772202276e-02
1.078029484833e-02 -1.709669617550e-02 -9.074467496122e-03
1.419348608315e-03 8.477184129802e-02 -4.747854974731e-03
6
142 4.260000000000e+00
1.744669718549e-01 -8.767583344876e-02 -2.985017039423e-01
2.025163520096e-02 -1.008776392502e-01 -7.163567040265e-02
4.752194415266e-02 -6.259565848796e-03 1.804959432543e-01
-1.428151408643e-01 7.479087518140e-02 -1.714080092004e-02
1.079437174946e-02 -1.715537714040e-02 -9.079121954348e-03
1.419318417327e-03 8.487308463298e-02 -4.755224318466e-03
6
143 4.290000000000e+00
1.732936582009e-01 -8.711609485812e-02 -2.966446063139e-01
1.999190490706e-02 -1.005067708897e-01 -7.074880340947e-02
4.757585471456e-02 -6.295215335133e-03 1.822956492563e-01
-1.442688490213e-01 7.551840490414e-02 -1.671705123300e-02
1.080529579712e-02 -1.721234522098e-02 -9.078454795106e-03
1.417550742867e-03 8.497613438369e-02 -4.759891220562e-03
6
144 4.320000000000e+00
1.721161342012e-01 -8.654951815188e-02 -2.947467479774e-01
1.972732782873e-02 -1.001289720064e-01 -6.985364139148e-02
4.760630438520e-02 -6.325570952193e-03 1.840398973436e-01
-1.456698811537e-01 7.622234723411e-02 -1.626676180603e-02
1.081256505222e-02 -1.726802328841e-02 -9.071819224343e-03
1.414084273561e-03 8.508132651793e-02 -4.762251468908e-03
6
145 4.350000000000e+00
1.709554058746e-01 -8.599800476441e-02 -2.928639715329e-01
1.945301193206e-02 -9.974136785243e-02 -6.895126869591e-02
4.761584136516e-02 -6.352745165997e-03 1.857292816694e-01
-1.470201973636e-01 7.690354962974e-02 -1.579092521499e-02
1.081545699189e-02 -1.732303791894e-02 -9.058712133553e-03
1.409008346146e-03 8.518907974871e-02 -4.762586178218e-03
6
146 4.380000000000e+00
1.698271566703e-01 -8.547710991107e-02 -2.910439532802e-01
1.916591597091e-02 -9.934124468724e-02 -6.804088689446e-02
4.760589841095e-02 -6.376510491900e-03 1.873650114666e-01
-1.483210894939e-01 7.756152147784e-02 -1.529174116053e-02
1.081359166031e-02 -1.737775082823e-02 -9.039130431027e-03
1.402443044679e-03 8.529956508474e-02 -4.760931261552e-03
6
147 4.410000000000e+00
1.687377934746e-01 -8.499505642883e-02 -2.893129549070e-01
1.886664699987e-02 -9.892709986853e-02 -6.711949719778e-02
4.757649617084e-02 -6.395873411912e-03 1.889477516249e-01
-1.495726474041e-01 7.819486584359e-02 -1.477208109254e-02
1.080714598716e-02 -1.743205235289e-02 -9.013532496567e-03
1.394477812677e-03 8.541263703053e-02 -4.757204860231e-03
6
148 4.440000000000e+00
1.676888049011e-01 -8.455484739118e-02 -2.876674310159e-01
1.855875817453e-02 -9.849838884413e-02 -6.618289502317e-02
4.752702922726e-02 -6.410785778134e-03 1.904774986132e-01
-1.507741307328e-01 7.880278359848e-02 -1.423424879402e-02
1.079661254334e-02 -1.748555403647e-02 -8.982518837742e-03
1.385103653288e-03 8.552801228356e-02 -4.751392713175e-03
6
149 4.470000000000e+00
1.666748087164e-01 -8.414953294845e-02 -2.860725767153e-01
1.824727543984e-02 -9.805656027259e-02 -6.522961507764e-02
4.745707185529e-02 -6.421748347811e-03 1.919549273485e-01
-1.519247310502e-01 7.938571528289e-02 -1.367934839676e-02
1.078238179064e-02 -1.753793898617e-02 -8.946449187280e-03
1.374233284383e-03 8.564544595393e-02 -4.743600656105e-03
6
150 4.500000000000e+00
1.656773801291e-01 -8.375301840770e-02 -2.844647357984e-01
1.793562048788e-02 -9.760521643924e-02 -6.426371696552e-02
4.736672896974e-02 -6.428547196829e-03 1.933818235043e-01
-1.530240653566e-01 7.994455955649e-02 -1.310773415085e-02
1.076448627236e-02 -1.758917631123e-02 -8.905228863949e-03
1.361793651831e-03 8.576480082602e-02 -4.734012382266e-03
6
151 4.530000000000e+00
1.646711086375e-01 -8.332686671544e-02 -2.827621707916e-01
1.762408527451e-02 -9.714909375602e-02 -6.329452861381e-02
4.725663626133e-02 -6.430433789079e-03 1.947591335617e-01
-1.540722168305e-01 8.047974372748e-02 -1.251961210240e-02
1.074263599578e-02 -1.763950037685e-02 -8.858419996606e-03
1.347799837269e-03 8.588607877994e-02 -4.722856141382e-03
6
152 4.560000000000e+00
1.636322770490e-01 -8.283750488317e-02 -2.808818761445e-01
1.731204817465e-02 -9.669357537424e-02 -6.233396645055e-02
4.712778141850e-02 -6.427585096805e-03 1.960848025348e-01
-1.550696573136e-01 8.099124120343e-02 -1.191497114343e-02
1.071641117817e-02 -1.768925160628e-02 -8.805579373322e-03
1.332345892672e-03 8.600945183837e-02 -4.710368385577e-03
6
153 4.590000000000e+00
1.625382989787e-01 -8.226354408688e-02 -2.787589537461e-01
1.699987342223e-02 -9.624334146205e-02 -6.139250148003e-02
4.698134668601e-02 -6.421829792399e-03 1.973544839045e-01
-1.560171454882e-01 8.147904424368e-02 -1.129338723631e-02
1.068545542356e-02 -1.773873081692e-02 -8.746588385377e-03
1.315508633180e-03 8.613526648130e-02 -4.696683890211e-03
6
154 4.620000000000e+00
1.613752770863e-01 -8.159806693501e-02 -2.763650946989e-01
1.668879086815e-02 -9.580106010018e-02 -6.047645184931e-02
4.681871978754e-02 -6.415764206576e-03 1.985650012529e-01
-1.569153311814e-01 8.194320069452e-02 -1.065446981944e-02
1.064961330385e-02 -1.778811314900e-02 -8.681764543706e-03
1.297281649775e-03 8.626391375430e-02 -4.681739837860e-03
6
155 4.650000000000e+00
1.601503592029e-01 -8.085015663840e-02 -2.737142664871e-01
1.637979178840e-02 -9.536674556895e-02 -5.958750560250e-02
4.664154641762e-02 -6.411243639319e-03 1.997171719543e-01
-1.577644328403e-01 8.238357930932e-02 -9.998608405096e-03
1.060898759306e-02 -1.783740598885e-02 -8.611684121856e-03
1.277601335935e-03 8.639558101964e-02 -4.665346884385e-03
6
156 4.680000000000e+00
1.588839243637e-01 -8.004042110096e-02 -2.708542821778e-01
1.607277872696e-02 -9.493773548988e-02 -5.872367761543e-02
4.645162856453e-02 -6.408711189156e-03 2.008152332227e-01
-1.585646009876e-01 8.279993326242e-02 -9.327324528443e-03
1.056389797467e-02 -1.788646883416e-02 -8.536900425534e-03
1.256425622971e-03 8.653009897648e-02 -4.647424779576e-03
6
157 4.710000000000e+00
1.575940316624e-01 -7.919721546776e-02 -2.678562890946e-01
1.576621847794e-02 -9.450984020078e-02 -5.788002508713e-02
4.625074805248e-02 -6.407957756215e-03 2.018635143404e-01
-1.593164751066e-01 8.319222938227e-02 -8.643246602272e-03
1.051475673577e-02 -1.793512375539e-02 -8.457786913666e-03
1.233829548217e-03 8.666704559931e-02 -4.628196997845e-03
6
158 4.740000000000e+00
1.562970778203e-01 -7.835495638641e-02 -2.648052785552e-01
1.545812852458e-02 -9.407942815273e-02 -5.704980939983e-02
4.604051367975e-02 -6.409392434650e-03 2.028632971798e-01
-1.600209890885e-01 8.356063693166e-02 -7.949888512666e-03
1.046191502884e-02 -1.798330378479e-02 -8.374549237392e-03
1.209856699835e-03 8.680602050971e-02 -4.608260126389e-03
6
159 4.770000000000e+00
1.550158081646e-01 -7.754805128112e-02 -2.617889475509e-01
1.514737541222e-02 -9.364487232235e-02 -5.622654764874e-02
4.582207692267e-02 -6.414274373790e-03 2.038126720724e-01
-1.606787163402e-01 8.390503145086e-02 -7.251001154511e-03
1.040552208905e-02 -1.803112019690e-02 -8.287317314768e-03
1.184717608830e-03 8.694673779906e-02 -4.588258830169e-03
6
160 4.800000000000e+00
1.537729377496e-01 -7.680343253708e-02 -2.588811648941e-01
1.483434449600e-02 -9.320649045709e-02 -5.540511157489e-02
4.559578735949e-02 -6.423620208702e-03 2.047097114455e-01
-1.612897655883e-01 8.422480434474e-02 -6.549731173389e-03
1.034546479468e-02 -1.807883447193e-02 -8.196222035102e-03
1.158600165931e-03 8.708906634008e-02 -4.568672047690e-03
6
161 4.830000000000e+00
1.525768135748e-01 -7.613639437073e-02 -2.561227895496e-01
1.452161062992e-02 -9.276614383362e-02 -5.458227124770e-02
4.536120383442e-02 -6.437016420609e-03 2.055558431389e-01
-1.618541542448e-01 8.451932490754e-02 -5.848434524729e-03
1.028144838520e-02 -1.812680121764e-02 -8.101398599050e-03
1.131652238549e-03 8.723298366115e-02 -4.549675879828e-03
6
162 4.860000000000e+00
1.514210911240e-01 -7.554395717095e-02 -2.535128054175e-01
1.421368611965e-02 -9.232691072236e-02 -5.375779055441e-02
4.511753285181e-02 -6.452550254362e-03 2.063557849708e-01
-1.623718521767e-01 8.478831994436e-02 -5.149250429224e-03
1.021313522139e-02 -1.817539530409e-02 -8.002909110708e-03
1.103938846958e-03 8.737854079142e-02 -4.531225243686e-03
6
163 4.890000000000e+00
1.502928514813e-01 -7.500444855740e-02 -2.510135640174e-01
1.391554401157e-02 -9.189259635413e-02 -5.293558201803e-02
4.486407512259e-02 -6.467877149335e-03 2.071140461230e-01
-1.628425986976e-01 8.503169308419e-02 -4.454510009011e-03
1.014022105293e-02 -1.822492895318e-02 -7.900675360238e-03
1.075441162983e-03 8.752583499916e-02 -4.513216171948e-03
6
164 4.920000000000e+00
1.491730309523e-01 -7.448959202535e-02 -2.485622942711e-01
1.363050509438e-02 -9.146650103470e-02 -5.212323632618e-02
4.460046727759e-02 -6.481496419002e-03 2.078316183079e-01
-1.632661260582e-01 8.524923458897e-02 -3.766263719094e-03
1.006247134860e-02 -1.827560607132e-02 -7.794526065828e-03
1.046095407070e-03 8.767499739928e-02 -4.495579601819e-03
6
165 4.950000000000e+00
1.480375758999e-01 -7.396973769647e-02 -2.460830535105e-01
1.335860659224e-02 -9.104998520275e-02 -5.133018809726e-02
4.432691449447e-02 -6.493475613676e-03 2.085057573539e-01
-1.636425381196e-01 8.544065805097e-02 -3.085265528089e-03
9.979785138007e-03 -1.832748660349e-02 -7.684291395767e-03
1.015805784024e-03 8.782621201466e-02 -4.478261162100e-03
6
166 4.980000000000e+00
1.468671859327e-01 -7.341462033438e-02 -2.434947357320e-01
1.309592651772e-02 -9.064238124618e-02 -5.056561198875e-02
4.404446458682e-02 -6.505428089658e-03 2.091323448143e-01
-1.639722707522e-01 8.560589965255e-02 -2.410551221879e-03
9.892239979592e-03 -1.838044591793e-02 -7.569826062129e-03
9.844172302747e-04 8.797971426342e-02 -4.461180594830e-03
6
167 5.010000000000e+00
1.456487739052e-01 -7.280014912513e-02 -2.407191583412e-01
1.283538567303e-02 -9.024240253158e-02 -4.983578415980e-02
4.375501953074e-02 -6.519760998725e-03 2.097086203513e-01
-1.642559661315e-01 8.574546874965e-02 -1.740327419363e-03
9.800101519606e-03 -1.843418335315e-02 -7.451081263492e-03
9.517360268125e-04 8.813570175618e-02 -4.444256002357e-03
6
168 5.040000000000e+00
1.443694155993e-01 -7.210909639095e-02 -2.376963602048e-01
1.256990511859e-02 -8.984954014588e-02 -4.914231377997e-02
4.346086174669e-02 -6.538581039644e-03 2.102346933395e-01
-1.644945875127e-01 8.586032501972e-02 -1.073505670379e-03
9.703785082690e-03 -1.848841005937e-02 -7.328252338233e-03
9.176206199156e-04 8.829427000776e-02 -4.427463890470e-03
6
169 5.070000000000e+00
1.430214425747e-01 -7.132920153301e-02 -2.343979919650e-01
1.229621478376e-02 -8.946457646329e-02 -4.848288081110e-02
4.316399432016e-02 -6.563001196859e-03 2.107134772654e-01
-1.646893584509e-01 8.595116886586e-02 -4.107205389568e-04
9.603715232666e-03 -1.854299107911e-02 -7.201748854498e-03
8.820842390843e-04 8.845544375549e-02 -4.410882181686e-03
6
170 5.100000000000e+00
1.416077202983e-01 -7.046099158261e-02 -2.308300112304e-01
1.201651020330e-02 -8.908933257237e-02 -4.785285293074e-02
4.286585681653e-02 -6.593214766347e-03 2.111493490358e-01
-1.648415766632e-01 8.601813552336e-02 2.456372055643e-04
9.500163030751e-03 -1.859788337768e-02 -7.071970830484e-03
8.453330465326e-04 8.861916373728e-02 -4.394677060997e-03
6
171 5.130000000000e+00
1.401394561269e-01 -6.952221879347e-02 -2.270302407868e-01
1.173745811933e-02 -8.872611134799e-02 -4.724677674054e-02
4.256758384744e-02 -6.629106378558e-03 2.115462261881e-01
-1.649527000862e-01 8.606120992271e-02 8.921558718583e-04
9.393246110718e-03 -1.865306471148e-02 -6.939226430403e-03
8.076739628015e-04 8.878523891294e-02 -4.378983853087e-03
6
172 5.160000000000e+00
1.386337001061e-01 -6.854121610122e-02 -2.230701120740e-01
1.146823599137e-02 -8.837741532335e-02 -4.666043693644e-02
4.227031845886e-02 -6.670762180874e-03 2.119063689723e-01
-1.650244658875e-01 8.608066859690e-02 1.525405078160e-03
9.283064022860e-03 -1.870865101624e-02 -6.803912863617e-03
7.693739149408e-04 8.895339183435e-02 -4.363792207103e-03
6
173 5.190000000000e+00
1.371065336379e-01 -6.755104686033e-02 -2.190508718979e-01
1.121818764506e-02 -8.804555680109e-02 -4.609257880637e-02
4.197503900694e-02 -6.718383496705e-03 2.122306045550e-01
-1.650586566739e-01 8.607724093374e-02 2.142826881633e-03
9.169716611955e-03 -1.876502636870e-02 -6.666646831367e-03
7.306189161629e-04 8.912334404314e-02 -4.349022364104e-03
6
174 5.220000000000e+00
1.355738931490e-01 -6.658786415042e-02 -2.150838340276e-01
1.099443609435e-02 -8.773189002927e-02 -4.554509629712e-02
4.168223994303e-02 -6.771975291078e-03 2.125193635037e-01
-1.650566990203e-01 8.605191253188e-02 2.743194224088e-03
9.053170016991e-03 -1.882274107707e-02 -6.528085835834e-03
6.915571695328e-04 8.929485579633e-02 -4.334699559146e-03
6
175 5.250000000000e+00
1.340567786514e-01 -6.568698630046e-02 -2.112713254180e-01
1.080024535018e-02 -8.743553776436e-02 -4.502143192518e-02
4.139200871867e-02 -6.831194130883e-03 2.127738497732e-01
-1.650196667012e-01 8.600559462146e-02 3.326205699976e-03
8.933250482731e-03 -1.888232642384e-02 -6.388704054053e-03
6.522915886821e-04 8.946774398483e-02 -4.320985376129e-03
6
176 5.280000000000e+00
1.325737132889e-01 -6.487588297988e-02 -2.076950985439e-01
1.063440714800e-02 -8.715376733585e-02 -4.452486162173e-02
4.110410394525e-02 -6.895143440697e-03 2.129968631613e-01
-1.649487231521e-01 8.593911011808e-02 3.891570846975e-03
8.809834988661e-03 -1.894422828834e-02 -6.248842926460e-03
6.128092085550e-04 8.964187288948e-02 -4.308093432981e-03
6
177 5.310000000000e+00
1.311385194509e-01 -6.417273586762e-02 -2.044103707811e-01
1.049048200281e-02 -8.688305861948e-02 -4.405683555256e-02
4.081772609536e-02 -6.962287890007e-03 2.131925123321e-01
-1.648453128021e-01 8.585324426234e-02 4.438590812830e-03
8.682985559646e-03 -1.900873007053e-02 -6.108820358562e-03
5.729587922875e-04 8.981710013860e-02 -4.296283681526e-03
6
178 5.340000000000e+00
1.297629110409e-01 -6.358834235404e-02 -2.014450257772e-01
1.035650769966e-02 -8.661850781947e-02 -4.361482654162e-02
4.053158717710e-02 -7.030838079672e-03 2.133646117203e-01
-1.647107727525e-01 8.574856851542e-02 4.966393202159e-03
8.552888620106e-03 -1.907582649204e-02 -5.968813292907e-03
5.325238918711e-04 8.999327244845e-02 -4.285908224507e-03
6
179 5.370000000000e+00
1.284518887310e-01 -6.312401073056e-02 -1.987955940321e-01
1.021778540955e-02 -8.635437048250e-02 -4.319122127400e-02
4.024455134478e-02 -7.099373655303e-03 2.135149860568e-01
-1.645460056465e-01 8.562536100944e-02 5.474265177394e-03
8.419712958123e-03 -1.914528857823e-02 -5.828685823232e-03
4.913434432186e-04 9.017030560494e-02 -4.277372061156e-03
6
180 5.400000000000e+00
1.272029593516e-01 -6.276673793800e-02 -1.964257762365e-01
1.006144677226e-02 -8.608584565952e-02 -4.277407525414e-02
3.995618057053e-02 -7.167254800790e-03 2.136431796206e-01
-1.643517568295e-01 8.548367025402e-02 5.961677954353e-03
8.283530260113e-03 -1.921687107811e-02 -5.688009098725e-03
4.493785625131e-04 9.034818275060e-02 -4.271052291282e-03
6
181 5.430000000000e+00
1.260080276932e-01 -6.248923205613e-02 -1.942747023312e-01
9.880356813159e-03 -8.581056741981e-02 -4.234952596722e-02
3.966673137960e-02 -7.234602612808e-03 2.137475415426e-01
-1.641291223205e-01 8.532345153392e-02 6.428107964110e-03
8.144339224057e-03 -1.929033152807e-02 -5.546218453131e-03
4.066611439847e-04 9.052685620833e-02 -4.267218395051e-03
6
182 5.460000000000e+00
1.248491264320e-01 -6.225822035127e-02 -1.922625208909e-01
9.674894952216e-03 -8.552933175711e-02 -4.190532623131e-02
3.937703265145e-02 -7.302144578644e-03 2.138265735574e-01
-1.638797022253e-01 8.514485495586e-02 6.873071935140e-03
8.002158109602e-03 -1.936530874014e-02 -5.402736920386e-03
3.632449673796e-04 9.070624168855e-02 -4.265949477433e-03
6
183 5.490000000000e+00
1.236971317626e-01 -6.203884657297e-02 -1.902913528427e-01
9.452529119526e-03 -8.524580321964e-02 -4.143524442488e-02
3.908848416997e-02 -7.371065556743e-03 2.138796315175e-01
-1.636052253183e-01 8.494839480058e-02 7.296252351215e-03
7.857089698033e-03 -1.944136279479e-02 -5.257051490618e-03
3.192864681140e-04 9.088631690497e-02 -4.267165129526e-03
6
184 5.520000000000e+00
1.225210327853e-01 -6.179197092904e-02 -1.882535399501e-01
9.226675053990e-03 -8.496615982937e-02 -4.094237607514e-02
3.880282555255e-02 -7.442602407745e-03 2.139070141445e-01
-1.633070712047e-01 8.473491499748e-02 7.697452756266e-03
7.709255741183e-03 -1.951816310443e-02 -5.108776531118e-03
2.750709085584e-04 9.106718286688e-02 -4.270715880526e-03
6
185 5.550000000000e+00
1.212910484690e-01 -6.147854667001e-02 -1.860483802550e-01
9.014434847556e-03 -8.469824768478e-02 -4.043894986032e-02
3.852176172572e-02 -7.517639369532e-03 2.139103131365e-01
-1.629863511392e-01 8.450554246307e-02 8.076705043179e-03
7.558682537379e-03 -1.959559921244e-02 -4.957681660953e-03
2.308388285612e-04 9.124899387860e-02 -4.276348244780e-03
6
186 5.580000000000e+00
1.199751691083e-01 -6.106900714330e-02 -1.835973247776e-01
8.832888252118e-03 -8.445033899328e-02 -3.994415576471e-02
3.824684262530e-02 -7.596701322788e-03 2.138929099858e-01
-1.626443935693e-01 8.426156492195e-02 8.434514270611e-03
7.405322279013e-03 -1.967375929116e-02 -4.803758477653e-03
1.866498073730e-04 9.143189447769e-02 -4.283608788116e-03
6
187 5.610000000000e+00
1.185472586177e-01 -6.054341747455e-02 -1.808462520760e-01
8.695577912721e-03 -8.422980840605e-02 -3.948126661897e-02
3.797938191153e-02 -7.679940375580e-03 2.138593045129e-01
-1.622828904303e-01 8.400427237785e-02 8.771670098492e-03
7.249150435212e-03 -1.975289482424e-02 -4.647310369791e-03
1.424817861452e-04 9.161604471047e-02 -4.291869619365e-03
6
188 5.640000000000e+00
1.169931821922e-01 -5.988798949207e-02 -1.777625481667e-01
8.609898240349e-03 -8.404119884926e-02 -3.907232687207e-02
3.772028110528e-02 -7.766993468345e-03 2.138134397348e-01
-1.619035947162e-01 8.373492803550e-02 9.088681205309e-03
7.090180916146e-03 -1.983341249202e-02 -4.488922409802e-03
9.834953129484e-05 9.180158809342e-02 -4.300496105143e-03
6
189 5.670000000000e+00
1.153079239485e-01 -5.909923240722e-02 -1.743421182102e-01
8.574546284698e-03 -8.388578085858e-02 -3.873362168269e-02
3.747011727116e-02 -7.857294469243e-03 2.137575237145e-01
-1.615080917624e-01 8.345483377258e-02 9.385559074746e-03
6.928485363727e-03 -1.991583101585e-02 -4.329383888966e-03
5.419047159849e-05 9.198862294434e-02 -4.308925876131e-03
6
190 5.700000000000e+00
1.135004086134e-01 -5.818953563730e-02 -1.706187519471e-01
8.579192179474e-03 -8.376187438964e-02 -3.847393412741e-02
3.722944100121e-02 -7.950781479132e-03 2.136919512330e-01
-1.610978952797e-01 8.316542139979e-02 9.662272020967e-03
6.764285379951e-03 -2.000067045941e-02 -4.169671005567e-03
9.763002945473e-06 9.217722483841e-02 -4.316612660072e-03
6
191 5.730000000000e+00
1.115961269743e-01 -5.718781323821e-02 -1.666659868941e-01
8.608633568893e-03 -8.366540915195e-02 -3.829329276024e-02
3.699882210218e-02 -8.048152139092e-03 2.136161268510e-01
-1.606746879724e-01 8.286831162838e-02 9.919340570496e-03
6.597944122061e-03 -2.008827922237e-02 -4.010813442460e-03
-3.521067168483e-05 9.236741585022e-02 -4.323116187978e-03
6
192 5.760000000000e+00
1.096294796585e-01 -5.613734444270e-02 -1.625922775688e-01
8.645431663089e-03 -8.359058445527e-02 -3.818231238048e-02
3.677864136412e-02 -8.150340588034e-03 2.135296975296e-01
-1.602404907067e-01 8.256522463319e-02 1.015785975689e-02
6.429844810581e-03 -2.017872880395e-02 -3.853600023683e-03
-8.092314810215e-05 9.255914308076e-02 -4.328341621527e-03
6
193 5.790000000000e+00
1.076394870310e-01 -5.509007672791e-02 -1.585268755919e-01
8.670911346278e-03 -8.352975431419e-02 -3.812335608725e-02
3.656905504206e-02 -8.257900530523e-03 2.134332452926e-01
-1.597976449191e-01 8.225781974788e-02 1.037907143047e-02
6.260360518696e-03 -2.027190627180e-02 -3.698465863513e-03
-1.275072304252e-04 9.275231724621e-02 -4.332623340851e-03
6
194 5.820000000000e+00
1.056676075659e-01 -5.409870641914e-02 -1.546013256006e-01
8.669151952743e-03 -8.347506564656e-02 -3.809319609660e-02
3.637006950122e-02 -8.370866453014e-03 2.133280809901e-01
-1.593486703781e-01 8.194775118484e-02 1.058413542019e-02
6.089897463687e-03 -2.036765667296e-02 -3.545672179808e-03
-1.749774446416e-04 9.294683263804e-02 -4.336565425343e-03
