6
0 0.000000000000e+00
0.000000000000e+00 0.000000000000e+00 0.000000000000e+00
0.000000000000e+00 0.000000000000e+00 0.000000000000e+00
0.000000000000e+00 0.000000000000e+00 0.000000000000e+00
0.000000000000e+00 0.000000000000e+00 0.000000000000e+00
0.000000000000e+00 0.000000000000e+00 0.000000000000e+00
0.000000000000e+00 0.000000000000e+00 0.000000000000e+00
6
1 3.000000000000e-02
1.931671694547e-07 -9.042000877625e-08 -2.325612981370e-07
-8.825736606624e-08 6.279858606144e-08 3.932299030150e-07
1.174559679001e-06 -5.375464126373e-07 5.160911240879e-06
-5.299148780257e-06 2.674757158007e-06 2.128988821218e-07
-1.240539939857e-07 2.901690348840e-09 5.725588698436e-07
-2.700114322231e-07 1.757082039991e-06 6.525054381519e-07
6
2 6.000000000000e-02
3.837250405964e-07 -1.795931652679e-07 -4.616676622279e-07
-1.760114603233e-07 1.246512016005e-07 7.837155942699e-07
2.347789279540e-06 -1.074248958976e-06 1.031727459945e-05
-1.059340575131e-05 5.347014871627e-06 4.258850412724e-07
-2.485083847476e-07 5.098029015302e-09 1.144779378990e-06
-5.398671684057e-07 3.514594469467e-06 1.303822644668e-06
6
3 9.000000000000e-02
5.691778632283e-07 -2.663508432989e-07 -6.838807619694e-07
-2.627838827607e-07 1.846545974004e-07 1.168833215443e-06
3.518481056621e-06 -1.609329777165e-06 1.546515271040e-05
-1.587858308421e-05 8.014665760800e-06 6.391056983370e-07
-3.737688657624e-07 5.890022790869e-09 1.716341591998e-06
-8.094169028713e-07 5.272976115901e-06 1.952786474820e-06
6
4 1.200000000000e-01
7.471109433958e-07 -3.495004480326e-07 -8.959226571136e-07
-3.481387235784e-07 2.419818403183e-07 1.546171839025e-06
4.685655520231e-06 -2.142117631760e-06 2.060160883770e-05
-2.115151962956e-05 1.067617886164e-05 8.527816272027e-07
-5.002465661792e-07 4.590645442095e-09 2.286954172939e-06
-1.078518188258e-06 7.032671584585e-06 2.598271722108e-06
6
5 1.500000000000e-01
9.151975658562e-07 -4.278806588852e-07 -1.094563114879e-06
-4.316974333141e-07 2.959096519891e-07 1.913611369332e-06
5.848548703056e-06 -2.672036066533e-06 2.572461584612e-05
-2.640973484654e-05 1.333040823852e-05 1.067169175991e-06
-6.283550127763e-07 5.299899365587e-10 2.856358860064e-06
-1.347036457720e-06 8.794123211699e-06 3.239204254342e-06
6
6 1.800000000000e-01
1.071326951216e-06 -5.004779783830e-07 -1.276731311440e-06
-5.131492611056e-07 3.458366796451e-07 2.269376770759e-06
7.006480879135e-06 -3.198548698131e-06 3.083254237959e-05
-3.165073931094e-05 1.597616684441e-05 1.282502477336e-06
-7.585067834686e-07 -6.939777253296e-09 3.424331971786e-06
-1.614844254297e-06 1.055776118399e-05 3.874568005054e-06
6
7 2.100000000000e-01
1.213716005653e-06 -5.664230755722e-07 -1.439762773159e-06
-5.922533351171e-07 3.912891355891e-07 2.612055752093e-06
8.158742116740e-06 -3.721121535686e-06 3.592366293730e-05
-3.687166146244e-05 1.861200048134e-05 1.498960299639e-06
-8.911110721033e-07 -1.843999851865e-08 3.990685629093e-06
-1.881820283157e-06 1.232399125199e-05 4.503409470022e-06
6
8 2.400000000000e-01
1.340932931913e-06 -6.249690447242e-07 -1.581476145848e-06
-6.688357022453e-07 4.319181355270e-07 2.940592527433e-06
9.304582438240e-06 -4.239231319431e-06 4.099602803514e-05
-4.206936402728e-05 2.123631265524e-05 1.716671733066e-06
-1.026570261585e-06 -3.456153089327e-08 4.555267611624e-06
-2.147847107507e-06 1.409317873143e-05 5.124839685158e-06
6
9 2.700000000000e-01
1.451878000852e-06 -6.755147243304e-07 -1.700158825198e-06
-7.427843256604e-07 4.674913077182e-07 3.254265716719e-06
1.044326842789e-05 -4.752389305908e-06 4.604762058741e-05
-4.724068318501e-05 2.384754913177e-05 1.935727005958e-06
-1.165271599195e-06 -5.585985877604e-08 5.117954662655e-06
-2.412807536704e-06 1.586563024749e-05 5.738034984454e-06
6
10 3.000000000000e-01
1.545775593857e-06 -7.176376302871e-07 -1.794561993366e-06
-8.140410315306e-07 4.978776614160e-07 3.552647826598e-06
1.157411827347e-05 -5.260144668458e-06 5.107647849467e-05
-5.238243107353e-05 2.644417361706e-05 2.156165822546e-06
-1.307573796208e-06 -8.284879404668e-08 5.678638444723e-06
-2.676581979786e-06 1.764157879665e-05 6.342238527744e-06
6
11 3.300000000000e-01
1.622178744523e-06 -7.511032100083e-07 -1.863929635410e-06
-8.825904927135e-07 5.230281432112e-07 3.835552973044e-06
1.269647525714e-05 -5.762062892905e-06 5.608056540425e-05
-5.749116864774e-05 2.902448889996e-05 2.377956116016e-06
-1.453793249907e-06 -1.159942728515e-07 6.237209628080e-06
-2.939047119866e-06 1.942117354533e-05 6.936759945070e-06
6
12 3.600000000000e-01
1.680971158938e-06 -7.758528381875e-07 -1.908003974454e-06
-9.484491715666e-07 5.429571935424e-07 4.102986966972e-06
1.380964567113e-05 -6.257697284426e-06 6.105746716255e-05
-6.256300383512e-05 3.158652184238e-05 2.600986531365e-06
-1.604194184442e-06 -1.557101144603e-07 6.793545694149e-06
-3.200074224235e-06 2.120447189234e-05 7.520970132919e-06
6
13 3.900000000000e-01
1.722355430886e-06 -7.919834288941e-07 -1.926983044430e-06
-1.011656632786e-06 5.577282510072e-07 4.355107207298e-06
1.491285061213e-05 -6.746572431019e-06 6.600416474051e-05
-6.759357151489e-05 3.412805717859e-05 2.825073263737e-06
-1.758982733319e-06 -2.023559503189e-07 7.347503147837e-06
-3.459527117556e-06 2.299143444606e-05 8.094293980348e-06
6
14 4.200000000000e-01
1.746823532774e-06 -7.997285204849e-07 -1.921455904037e-06
-1.072269247470e-06 5.674427170260e-07 4.592191298158e-06
1.600522061609e-05 -7.228188371363e-06 7.091703894410e-05
-7.257812689386e-05 3.664671802483e-05 3.049966945722e-06
-1.918302627911e-06 -2.562360923647e-07 7.898911641056e-06
-3.717261235228e-06 2.478192502745e-05 8.656205756117e-06
6
15 4.500000000000e-01
1.755117615060e-06 -7.994459373234e-07 -1.892358944996e-06
-1.130355119574e-06 5.722307419603e-07 4.814610698015e-06
1.708582367736e-05 -7.702034692529e-06 7.579203314964e-05
-7.751162877326e-05 3.913999322006e-05 3.275357814593e-06
-2.082231257780e-06 -3.175984164338e-07 8.447568374842e-06
-3.973124042812e-06 2.657571468942e-05 9.206228115383e-06
6
16 4.800000000000e-01
1.748194082318e-06 -7.916075431716e-07 -1.840959055900e-06
-1.185989531349e-06 5.722429461922e-07 5.022807137362e-06
1.815369403923e-05 -8.167597755132e-06 8.062478892521e-05
-8.238878758131e-05 4.160523334314e-05 3.500883680726e-06
-2.250776844062e-06 -3.866335270769e-07 8.993233534295e-06
-4.226956202782e-06 2.837248775015e-05 9.743932956530e-06
6
17 5.100000000000e-01
1.727195644589e-06 -7.767829152947e-07 -1.768823069011e-06
-1.239251017731e-06 5.676431606867e-07 5.217271376475e-06
1.920783961241e-05 -8.624360746616e-06 8.541066572436e-05
-8.720411969293e-05 4.403967708815e-05 3.726138259335e-06
-2.423877943829e-06 -4.634749729676e-07 9.535628346306e-06
-4.478593188175e-06 3.017184953376e-05 1.026894250641e-05
6
18 5.400000000000e-01
1.693420919363e-06 -7.556157626023e-07 -1.677749289467e-06
-1.290218410283e-06 5.586024744598e-07 5.398524720563e-06
2.024723664359e-05 -9.071804443888e-06 9.014471851665e-05
-9.195203351746e-05 4.644051168988e-05 3.950680234375e-06
-2.601405585114e-06 -5.482007879317e-07 1.007443632344e-05
-4.727867382636e-06 3.197333629703e-05 1.078093033227e-05
6
19 5.700000000000e-01
1.648282911915e-06 -7.288011436786e-07 -1.569689882841e-06
-1.338968858431e-06 5.452945380060e-07 5.567103664450e-06
2.127083582304e-05 -9.509412147445e-06 9.482175400477e-05
-9.662694124691e-05 4.880493475253e-05 4.174045562543e-06
-2.783167475656e-06 -6.408359929855e-07 1.060930706497e-05
-4.974610773933e-06 3.377642770108e-05 1.127962318199e-05
6
20 6.000000000000e-01
1.593264732623e-06 -6.970692728888e-07 -1.446703440125e-06
-1.385576565027e-06 5.278918850877e-07 5.723547906566e-06
2.227758862649e-05 -9.936679691916e-06 9.943649009643e-05
-1.012233795981e-04 5.113020547150e-05 4.395758546762e-06
-2.968913567723e-06 -7.413556474563e-07 1.113986153221e-05
-5.218657810281e-06 3.558056008771e-05 1.176480251063e-05
6
21 6.300000000000e-01
1.529885148551e-06 -6.611718255467e-07 -1.310929265400e-06
-1.430112076167e-06 5.065634018200e-07 5.868392268508e-06
2.326648019708e-05 -1.035312885815e-05 1.039837355986e-04
-1.057361229267e-04 5.341369399942e-05 4.615338057955e-06
-3.158342367873e-06 -8.496884124504e-07 1.166569771645e-05
-5.459847395603e-06 3.738513691614e-05 1.223630262871e-05
6
22 6.600000000000e-01
1.459671696709e-06 -6.218654703749e-07 -1.164544824555e-06
-1.472642062390e-06 4.814733233594e-07 6.002162192960e-06
2.423655307267e-05 -1.075831864499e-05 1.084585089466e-04
-1.101602753615e-04 5.565293024605e-05 4.832302575621e-06
-3.351107480013e-06 -9.657207006371e-07 1.218639601950e-05
-5.698023732333e-06 3.918953612074e-05 1.269400587065e-05
6
23 6.900000000000e-01
1.384130560819e-06 -5.798946398632e-07 -1.009701944694e-06
-1.513229430485e-06 4.527812308838e-07 6.125371113944e-06
2.518692092849e-05 -1.115185065022e-05 1.128560988968e-04
-1.144913375880e-04 5.784564215082e-05 5.046176367603e-06
-3.546824249273e-06 -1.089301163880e-06 1.270152469092e-05
-5.933036878867e-06 4.099311786753e-05 1.313783871493e-05
6
24 7.200000000000e-01
1.304714060137e-06 -5.359788836743e-07 -8.484772313968e-07
-1.551933563527e-06 4.206419679444e-07 6.238518355749e-06
2.611678077484e-05 -1.153337168814e-05 1.171721183134e-04
-1.187252533257e-04 5.998977877779e-05 5.256493715258e-06
-3.745076848088e-06 -1.220245064286e-06 1.321064629122e-05
-6.164743992038e-06 4.279523466659e-05 1.356777105438e-05
6
25 7.500000000000e-01
1.222796464608e-06 -4.908045753699e-07 -6.828537272624e-07
-1.588810712482e-06 3.852052081521e-07 6.342087232722e-06
2.702542686028e-05 -1.190257818680e-05 1.214025703979e-04
-1.228584422841e-04 6.208352464902e-05 5.462800031676e-06
-3.945425875614e-06 -1.358338432898e-06 1.371332511000e-05
-6.393011038334e-06 4.459524169090e-05 1.398381613543e-05
6
26 7.800000000000e-01
1.139660772741e-06 -4.450169229779e-07 -5.147086868623e-07
-1.623914557121e-06 3.466150440997e-07 6.436543902057e-06
2.791226158064e-05 -1.225922082540e-05 1.255439027377e-04
-1.268878223712e-04 6.412531190748e-05 5.664653077535e-06
-4.147415725081e-06 -1.503342407310e-06 1.420913378316e-05
-6.617713743899e-06 4.639250383097e-05 1.438602756484e-05
6
27 8.100000000000e-01
1.056488150871e-06 -3.992115796805e-07 -3.457855517886e-07
-1.657296600292e-06 3.050101914103e-07 6.522337255880e-06
2.877679963770e-05 -1.260310512071e-05 1.295930302930e-04
-1.308108211377e-04 6.611382886371e-05 5.861625794265e-06
-4.350580805058e-06 -1.654997938939e-06 1.469765745237e-05
-6.838737441324e-06 4.818640012961e-05 1.477449434073e-05
6
28 8.400000000000e-01
9.743460071499e-07 -3.539289678490e-07 -1.776660731745e-07
-1.689006103878e-06 2.605245627809e-07 6.599898448343e-06
2.961866785924e-05 -1.293408871308e-05 1.335473394106e-04
-1.346253762996e-04 6.804802065940e-05 6.053308651085e-06
-4.554450651514e-06 -1.813030389144e-06 1.517849621883e-05
-7.055976679723e-06 4.997632845851e-05 1.514933693926e-05
6
29 8.700000000000e-01
8.941806464684e-07 -3.096525206090e-07 -1.176550282599e-08
-1.719089636746e-06 2.132868803482e-07 6.669638886670e-06
3.043760458648e-05 -1.325207962500e-05 1.374046901665e-04
-1.383299260102e-04 6.992708307785e-05 6.239310344618e-06
-4.758554880307e-06 -1.977153380146e-06 1.565126830880e-05
-7.269335175165e-06 5.176171008991e-05 1.551070430125e-05
6
30 9.000000000000e-01
8.168188524920e-07 -2.668088217338e-07 1.506572343733e-07
-1.747590647280e-06 1.634191514395e-07 6.731947512234e-06
3.123345863271e-05 -1.355703596168e-05 1.411634161357e-04
-1.419233911693e-04 7.175045423621e-05 6.419258370797e-06
-4.962428354812e-06 -2.147071892714e-06 1.611561468152e-05
-7.478725961560e-06 5.354199276961e-05 1.585877021591e-05
6
31 9.300000000000e-01
7.429736359948e-07 -2.257681690239e-07 3.084965595266e-07
-1.774549402097e-06 1.110352921017e-07 6.787188863971e-06
3.200618558840e-05 -1.384896380139e-05 1.448223137452e-04
-1.454051533583e-04 7.351780566153e-05 6.592800455291e-06
-5.165615740328e-06 -2.322485257223e-06 1.657120294908e-05
-7.684071492929e-06 5.531665291929e-05 1.619372948186e-05
6
32 9.600000000000e-01
6.732486792684e-07 -1.868462118683e-07 4.608039147614e-07
-1.800002956389e-06 5.624078879429e-08 6.835702665572e-06
3.275584133324e-05 -1.412791254858e-05 1.483806228145e-04
-1.487750302262e-04 7.522903035526e-05 6.759605845829e-06
-5.367674574499e-06 -2.503090498116e-06 1.701772826576e-05
-7.885303678695e-06 5.708519815652e-05 1.651579533050e-05
6
33 9.900000000000e-01
6.081435330854e-07 -1.503073727027e-07 6.067807742837e-07
-1.823984789841e-06 -8.667655609261e-10 6.877804572324e-06
3.348257461456e-05 -1.439397044313e-05 1.518380040946e-04
-1.520332466345e-04 7.688422689778e-05 6.919365709996e-06
-5.568177113064e-06 -2.688585624628e-06 1.745491181769e-05
-8.082364005449e-06 5.884717033288e-05 1.682519865290e-05
6
34 1.020000000000e+00
5.480636933918e-07 -1.163695174958e-07 7.457589388580e-07
-1.846524610086e-06 -6.019684155949e-08 6.913787392160e-06
3.418661959465e-05 -1.464726137106e-05 1.551945136947e-04
-1.551803999941e-04 7.848368188031e-05 7.071793273925e-06
-5.766712073073e-06 -2.878672106011e-06 1.788249997522e-05
-8.275203808592e-06 6.060214825154e-05 1.712218795854e-05
6
35 1.050000000000e+00
4.933335330685e-07 -8.520906122323e-08 8.771831741501e-07
-1.867648909533e-06 -1.216650730471e-07 6.943923076670e-06
3.486828780280e-05 -1.488794125819e-05 1.584505724361e-04
-1.582174224846e-04 8.002785254791e-05 7.216624210715e-06
-5.962886774129e-06 -3.073056384255e-06 1.830026567044e-05
-8.463784451573e-06 6.234974910311e-05 1.740702859773e-05
6
36 1.080000000000e+00
4.442072014119e-07 -5.696609792153e-08 1.000602117719e-06
-1.887382043690e-06 -1.851920561296e-07 6.968466449132e-06
3.552795929345e-05 -1.511619327375e-05 1.616069329048e-04
-1.611455445744e-04 8.151734911602e-05 7.353616795842e-06
-6.156328961502e-06 -3.271450947969e-06 1.870801029053e-05
-8.648077050353e-06 6.408962835742e-05 1.768000068187e-05
6
37 1.110000000000e+00
4.008775336863e-07 -3.174933303163e-08 1.115657650756e-06
-1.905747338961e-06 -2.507016516559e-07 6.987660729818e-06
3.616607369701e-05 -1.533222332997e-05 1.646646473299e-04
-1.639662603429e-04 8.295291611276e-05 7.482551433810e-06
-6.346687579209e-06 -3.473575481203e-06 1.910556369716e-05
-8.828061647351e-06 6.582147830980e-05 1.794139581340e-05
6
38 1.140000000000e+00
3.634864026913e-07 -9.640840705945e-09 1.222067325067e-06
-1.922768054160e-06 -3.181191077224e-07 7.001743467773e-06
3.678312163107e-05 -1.553625667495e-05 1.676250347532e-04
-1.666812918672e-04 8.433541373812e-05 7.603229902422e-06
-6.533632719887e-06 -3.679158072375e-06 1.949278229271e-05
-9.003726058899e-06 6.754502558881e-05 1.819151294180e-05
6
39 1.170000000000e+00
3.321362833264e-07 9.299103514172e-09 1.319607505100e-06
-1.938468182781e-06 -3.873696103668e-07 7.010951186921e-06
3.737963644706e-05 -1.572853457992e-05 1.704896460458e-04
-1.692925527532e-04 8.566580046247e-05 7.715474632267e-06
-6.716855491708e-06 -3.887936067208e-06 1.986954712840e-05
-9.175064685610e-06 6.926002818684e-05 1.843065406864e-05
6
40 1.200000000000e+00
3.068994267624e-07 2.502736385232e-08 1.408103277692e-06
-1.952873093007e-06 -4.583774796913e-07 7.015522122736e-06
3.795618652096e-05 -1.590931069293e-05 1.732602300643e-04
-1.718021148521e-04 8.694511698413e-05 7.819127833063e-06
-6.896068156090e-06 -4.099656416978e-06 2.023576339546e-05
-9.342077473368e-06 7.096627271174e-05 1.865912075163e-05
6
41 1.230000000000e+00
2.878238856840e-07 3.751425038460e-08 1.487420641696e-06
-1.966009919699e-06 -5.310657309756e-07 7.015697549649e-06
3.851336845116e-05 -1.607884802854e-05 1.759387041931e-04
-1.742121804395e-04 8.817447136750e-05 7.914050314223e-06
-7.071004209068e-06 -4.314075895768e-06 2.059136037689e-05
-9.504769117611e-06 7.266357223185e-05 1.887721185424e-05
6
42 1.260000000000e+00
2.749390997050e-07 4.674092398684e-08 1.557456384625e-06
-1.977907577397e-06 -6.053557744002e-07 7.011722317213e-06
3.905180099897e-05 -1.623741690621e-05 1.785271276780e-04
-1.765250576064e-04 8.935502570869e-05 8.000120181701e-06
-7.241417941229e-06 -4.530961541140e-06 2.093629014329e-05
-9.663148553985e-06 7.435176471613e-05 1.908522234548e-05
6
43 1.290000000000e+00
2.682618896271e-07 5.269706330488e-08 1.618128880639e-06
-1.988596517791e-06 -6.811673707587e-07 7.003844639863e-06
3.957211942196e-05 -1.638529288989e-05 1.810276755572e-04
-1.787431368452e-04 9.048798467264e-05 8.077231543612e-06
-7.407083498906e-06 -4.750091270586e-06 2.127052471629e-05
-9.817228742802e-06 7.603071202297e-05 1.928344288679e-05
6
44 1.320000000000e+00
2.678005857080e-07 5.537846364736e-08 1.669373404102e-06
-1.998108523595e-06 -7.584189721334e-07 6.992314862369e-06
4.007497053335e-05 -1.652275449180e-05 1.834426151518e-04
-1.808688708426e-04 9.157458584329e-05 8.145293188491e-06
-7.567793818988e-06 -4.971254443178e-06 2.159405288060e-05
-9.967026684468e-06 7.770029939966e-05 1.947216010963e-05
6
45 1.350000000000e+00
2.735563241434e-07 5.478544052327e-08 1.711139517033e-06
-2.006476500844e-06 -8.370283360220e-07 6.977383216588e-06
4.056100909103e-05 -1.665008167383e-05 1.857742876290e-04
-1.829047599216e-04 9.261609185354e-05 8.204227327544e-06
-7.723359660850e-06 -5.194252223001e-06 2.190687768748e-05
-1.011256353628e-05 7.936043530618e-05 1.965165735091e-05
6
46 1.380000000000e+00
2.855235205622e-07 5.092251934067e-08 1.743387843583e-06
-2.013734023369e-06 -9.169132451283e-07 6.959297080932e-06
4.103089525410e-05 -1.676755546992e-05 1.880250931959e-04
-1.848533416943e-04 9.361378435154e-05 8.253968559041e-06
-7.873608744531e-06 -5.418897746631e-06 2.220901472315e-05
-1.025386473694e-05 8.101105132270e-05 1.982221544986e-05
6
47 1.410000000000e+00
3.036908606423e-07 4.379846081878e-08 1.766088199537e-06
-2.019914765882e-06 -9.979922581335e-07 6.938298350958e-06
4.148529226618e-05 -1.687545763036e-05 1.901974776463e-04
-1.867171820464e-04 9.456895951442e-05 8.294462977557e-06
-8.018384998246e-06 -5.645016174881e-06 2.250049076258e-05
-1.039096012405e-05 8.265210204642e-05 1.998411337753e-05
6
48 1.440000000000e+00
3.280415432220e-07 3.342579733686e-08 1.779220611814e-06
-2.025052182128e-06 -1.080185445214e-06 6.914621105133e-06
4.192486429544e-05 -1.697406967826e-05 1.922939213678e-04
-1.884988676620e-04 9.548292467950e-05 8.325667280339e-06
-8.157547952273e-06 -5.872444643190e-06 2.278134272334e-05
-1.052388401682e-05 8.428356495889e-05 2.013762868131e-05
6
49 1.470000000000e+00
3.585517771016e-07 1.982057559551e-08 1.782776633552e-06
-2.029179366261e-06 -1.163415094434e-06 6.888489346034e-06
4.235027512393e-05 -1.706367225017e-05 1.943169324661e-04
-1.902010020624e-04 9.635699608238e-05 8.347547998281e-06
-8.290972289983e-06 -6.101032032549e-06 2.305161718452e-05
-1.065267519500e-05 8.590544016375e-05 2.028303770473e-05
6
50 1.500000000000e+00
3.951888905359e-07 3.003118253312e-09 1.776759267264e-06
-2.032328772135e-06 -1.247606428521e-06 6.860114740149e-06
4.276218777286e-05 -1.714454540156e-05 1.962690422009e-04
-1.918262045607e-04 9.719249778714e-05 8.360081069171e-06
-8.418547530420e-06 -6.330638542405e-06 2.331137059192e-05
-1.077737675530e-05 8.751774989473e-05 2.042061550003e-05
6
51 1.530000000000e+00
4.379104097790e-07 -1.700105172066e-08 1.761183765006e-06
-2.034531844209e-06 -1.332688286763e-06 6.829694690349e-06
4.316126428473e-05 -1.721696912391e-05 1.981528002728e-04
-1.933771094381e-04 9.799076133748e-05 8.363251682657e-06
-8.540177785573e-06 -6.561135154524e-06 2.356066985745e-05
-1.089803589491e-05 8.912053782268e-05 2.055063545869e-05
6
52 1.560000000000e+00
4.866633076986e-07 -4.016129403656e-08 1.736080404376e-06
-2.035818880238e-06 -1.418593620328e-06 6.797411067166e-06
4.354816518932e-05 -1.728122330363e-05 1.999707709146e-04
-1.948563646047e-04 9.875312548762e-05 8.357054180611e-06
-8.655781523242e-06 -6.792403055999e-06 2.379959294440e-05
-1.101470364779e-05 9.071386823548e-05 2.067336876792e-05
6
53 1.590000000000e+00
5.413827019423e-07 -6.644208660938e-08 1.701496236065e-06
-2.036219104325e-06 -1.505259781917e-06 6.763429490724e-06
4.392354907584e-05 -1.733758753788e-05 2.017255316499e-04
-1.962666312864e-04 9.948093600408e-05 8.341492002999e-06
-8.765291293343e-06 -7.024333024977e-06 2.402822929279e-05
-1.112743455620e-05 9.229782507462e-05 2.078908374438e-05
6
54 1.620000000000e+00
6.019911283627e-07 -9.580252131491e-08 1.657493956782e-06
-2.035760647839e-06 -1.592628771687e-06 6.727898855594e-06
4.428807270580e-05 -1.738634129270e-05 2.034196733633e-04
-1.976105849446e-04 1.001755458432e-04 8.316577758210e-06
-8.868653405760e-06 -7.256824795480e-06 2.424668015956e-05
-1.123628628394e-05 9.387251077992e-05 2.089804505113e-05
6
55 1.650000000000e+00
6.683993994801e-07 -1.281962512989e-07 1.604150381914e-06
-2.034470409927e-06 -1.680647483024e-06 6.690951067602e-06
4.464239114173e-05 -1.742776420238e-05 2.050557989599e-04
-1.988909154949e-04 1.008383154544e-04 8.282333303579e-06
-8.965827552487e-06 -7.489786439343e-06 2.445505888774e-05
-1.134131921622e-05 9.543804499127e-05 2.100051286386e-05
6
56 1.680000000000e+00
7.405083998098e-07 -1.635724712809e-07 1.541556326197e-06
-2.032374042278e-06 -1.769267785123e-06 6.652701207086e-06
4.498715746486e-05 -1.746213617487e-05 2.066365208837e-04
-2.001103259914e-04 1.014706125718e-04 8.238789650379e-06
-9.056786367941e-06 -7.723133781709e-06 2.465349096725e-05
-1.144259607605e-05 9.699456321511e-05 2.109674209067e-05
6
57 1.710000000000e+00
8.182099071241e-07 -2.018769292744e-07 1.469816470905e-06
-2.029496097575e-06 -1.858446388684e-06 6.613248166489e-06
4.532302285257e-05 -1.748973746186e-05 2.081644594957e-04
-2.012715311144e-04 1.020738113781e-04 8.185986639822e-06
-9.141514927900e-06 -7.956789863047e-06 2.484211375730e-05
-1.154018155466e-05 9.854221548539e-05 2.118698167808e-05
6
58 1.740000000000e+00
9.013853238839e-07 -2.430516969126e-07 1.389049232264e-06
-2.025860128934e-06 -1.948144669693e-06 6.572675535056e-06
4.565063738148e-05 -1.751084914007e-05 2.096422416465e-04
-2.023772558182e-04 1.026492915691e-04 8.123972368637e-06
-9.220010188233e-06 -8.190684473216e-06 2.502107590134e-05
-1.163414195357e-05 1.000811649768e-04 2.127147397035e-05
6
59 1.770000000000e+00
9.899038741754e-07 -2.870334528748e-07 1.299389184455e-06
-2.021488666686e-06 -2.038328546488e-06 6.531052536228e-06
4.597065040443e-05 -1.752575361139e-05 2.110724973567e-04
-2.034302326845e-04 1.031984373198e-04 8.052802409021e-06
-9.292280370429e-06 -8.424753757054e-06 2.519053657360e-05
-1.172454485187e-05 1.016115865852e-04 2.135045412867e-05
6
60 1.800000000000e+00
1.083621763217e-06 -3.337526142552e-07 1.200991463531e-06
-2.016403223482e-06 -2.128968282261e-06 6.488435056253e-06
4.628370955666e-05 -1.753473442262e-05 2.124578553529e-04
-2.044331976849e-04 1.037226354996e-04 7.972539225637e-06
-9.358344315910e-06 -8.658939863613e-06 2.535066463031e-05
-1.181145881312e-05 1.031336655590e-04 2.142414966585e-05
6
61 1.830000000000e+00
1.182381252210e-06 -3.831336561603e-07 1.094034250518e-06
-2.010624403992e-06 -2.220038140112e-06 6.444866861513e-06
4.659045949206e-05 -1.753807583090e-05 2.138009394769e-04
-2.053888855888e-04 1.042232734062e-04 7.883252271866e-06
-9.418230827720e-06 -8.893190633559e-06 2.550163761914e-05
-1.189495313153e-05 1.046475962183e-04 2.149278010434e-05
6
62 1.860000000000e+00
1.286007688245e-06 -4.350935043788e-07 9.787201888462e-07
-2.004172010136e-06 -2.311516023210e-06 6.400380940366e-06
4.689154176921e-05 -1.753606262110e-05 2.151043651846e-04
-2.063000252565e-04 1.047017365189e-04 7.785018679570e-06
-9.471977998422e-06 -9.127459342619e-06 2.564364061536e-05
-1.197509760407e-05 1.061535807118e-04 2.155655669845e-05
6
63 1.890000000000e+00
1.394304082782e-06 -4.895376153788e-07 8.552826432582e-07
-1.997065060370e-06 -2.403383198986e-06 6.355000806851e-06
4.718759411875e-05 -1.752897918591e-05 2.163707347469e-04
-2.071693338168e-04 1.051594056415e-04 7.677924394317e-06
-9.519632524866e-06 -9.361704496447e-06 2.577686497927e-05
-1.205196232397e-05 1.076518277944e-04 2.161568220173e-05
6
64 1.920000000000e+00
1.507045779004e-06 -5.463560709536e-07 7.239966850742e-07
-1.989321786962e-06 -2.495624019388e-06 6.308741706129e-06
4.747924639134e-05 -1.751710702634e-05 2.176026329845e-04
-2.079995107821e-04 1.055976538226e-04 7.562066666008e-06
-9.561249024326e-06 -9.595889649551e-06 2.590150715321e-05
-1.212561750698e-05 1.091425516847e-04 2.167035072746e-05
6
65 1.950000000000e+00
1.623984136040e-06 -6.054257180542e-07 5.851796155249e-07
-1.980959684625e-06 -2.588225556695e-06 6.261611789035e-06
4.776711505663e-05 -1.750072249427e-05 2.188026259235e-04
-2.087932363689e-04 1.060178454644e-04 7.437558496351e-06
-9.596889358971e-06 -9.829983235378e-06 2.601776749384e-05
-1.219613335059e-05 1.106259710325e-04 2.172074770474e-05
6
66 1.980000000000e+00
1.744867767727e-06 -6.666241401148e-07 4.391646085154e-07
-1.971995589537e-06 -2.681177246655e-06 6.213613287017e-06
4.805180066796e-05 -1.748009700883e-05 2.199732613303e-04
-2.095531747148e-04 1.064213379139e-04 7.304531822808e-06
-9.626621968822e-06 -1.006395841235e-05 2.612584907074e-05
-1.226357990591e-05 1.121023079490e-04 2.176704985306e-05
6
67 2.010000000000e+00
1.869467103306e-06 -7.298434739480e-07 2.862616503943e-07
-1.962445726346e-06 -2.774470627833e-06 6.164743602857e-06
4.833388972786e-05 -1.745549899505e-05 2.211170683208e-04
-2.102819745661e-04 1.068094816707e-04 7.163133927447e-06
-9.650521221706e-06 -1.029779292682e-05 2.622595646105e-05
-1.232802695282e-05 1.135717870653e-04 2.180942514860e-05
6
68 2.040000000000e+00
1.997580886057e-06 -7.949890786481e-07 1.267395162264e-07
-1.952325704863e-06 -2.868099093921e-06 6.114996271661e-06
4.861395986351e-05 -1.742719581449e-05 2.222365550587e-04
-2.109822633769e-04 1.071836177775e-04 7.013517185597e-06
-9.668666784908e-06 -1.053146898458e-05 2.631829466196e-05
-1.238954389154e-05 1.150346346626e-04 2.184803286660e-05
6
69 2.070000000000e+00
2.129027709500e-06 -8.619707823379e-07 -3.915986234325e-08
-1.941650536164e-06 -2.962057592146e-06 6.064361867886e-06
4.889258583812e-05 -1.739545516533e-05 2.233342058605e-04
-2.116566440014e-04 1.075450769910e-04 6.855830108023e-06
-9.681143020209e-06 -1.076497311839e-05 2.640306817281e-05
-1.244819966452e-05 1.164910779054e-04 2.188302375538e-05
6
70 2.100000000000e+00
2.263636222867e-06 -9.307014731680e-07 -2.111996637355e-07
-1.930434723449e-06 -3.056342352840e-06 6.012828874142e-06
4.917034184291e-05 -1.736054518183e-05 2.244124795857e-04
-2.123077006425e-04 1.078951823489e-04 6.690216765058e-06
-9.688038410130e-06 -1.099829604472e-05 2.648048015256e-05
-1.250406269487e-05 1.179413441319e-04 2.191454024461e-05
6
71 2.130000000000e+00
2.401241977935e-06 -1.001099792028e-06 -3.891520761990e-07
-1.918692351717e-06 -3.150950699727e-06 5.960384438045e-06
4.944779891530e-05 -1.732273271693e-05 2.254738081335e-04
-2.129379984364e-04 1.082352466899e-04 6.516820507275e-06
-9.689445009847e-06 -1.123143252093e-05 2.655073156368e-05
-1.255720080880e-05 1.193856601688e-04 2.194271657943e-05
6
72 2.160000000000e+00
2.541699919444e-06 -1.073093938236e-06 -5.728260572924e-07
-1.906437098420e-06 -3.245880864023e-06 5.907015008660e-06
4.972552122005e-05 -1.728228105849e-05 2.265205900929e-04
-2.135500593245e-04 1.085665583343e-04 6.335784046494e-06
-9.685457911210e-06 -1.146438121644e-05 2.661402036586e-05
-1.260768114961e-05 1.208242516966e-04 2.196767894888e-05
6
73 2.190000000000e+00
2.684891259482e-06 -1.146624458771e-06 -7.620744369002e-07
-1.893682238508e-06 -3.341131775405e-06 5.852706898967e-06
5.000406086314e-05 -1.723944841273e-05 2.275551782127e-04
-2.141463289608e-04 1.088903647108e-04 6.147250660218e-06
-9.676174729524e-06 -1.169714458091e-05 2.667054086476e-05
-1.265557012487e-05 1.222573426961e-04 2.198954572973e-05
6
74 2.220000000000e+00
2.830698960559e-06 -1.221628794851e-06 -9.567608429662e-07
-1.880440726838e-06 -3.436702899054e-06 5.797446777881e-06
5.028394937909e-05 -1.719448678115e-05 2.285798638762e-04
-2.147291641442e-04 1.092078690341e-04 5.951374241840e-06
-9.661695113564e-06 -1.192972868366e-05 2.672048316166e-05
-1.270093337274e-05 1.236851549486e-04 2.200842778481e-05
6
75 2.250000000000e+00
2.978982168119e-06 -1.298025570062e-06 -1.156723554744e-06
-1.866725290291e-06 -3.532594126788e-06 5.741222076549e-06
5.056568952455e-05 -1.714763973408e-05 2.295968639271e-04
-2.153008508156e-04 1.095202421605e-04 5.748329957390e-06
-9.642120277988e-06 -1.216214303187e-05 2.676403260615e-05
-1.274383570316e-05 1.251079075719e-04 2.202442869487e-05
6
76 2.280000000000e+00
3.129575919387e-06 -1.375721202999e-06 -1.361758720321e-06
-1.852548435531e-06 -3.628805670123e-06 5.684021302274e-06
5.084975286303e-05 -1.709913982537e-05 2.306083207765e-04
-2.158636373648e-04 1.098286394996e-04 5.538310721187e-06
-9.617552569402e-06 -1.239440040156e-05 2.680136928205e-05
-1.278434101494e-05 1.265258166185e-04 2.203764494212e-05
6
77 2.310000000000e+00
3.282309756946e-06 -1.454623552754e-06 -1.571626998639e-06
-1.837922436507e-06 -3.725337935903e-06 5.625834280963e-06
5.113658694349e-05 -1.704920925066e-05 2.316163227034e-04
-2.164197566039e-04 1.101342097700e-04 5.321511914078e-06
-9.588095054385e-06 -1.262651668518e-05 2.683266760742e-05
-1.282251223247e-05 1.279390947645e-04 2.204816617113e-05
6
78 2.340000000000e+00
3.437021284328e-06 -1.534646938558e-06 -1.786077671826e-06
-1.822859409855e-06 -3.822191425209e-06 5.566652429082e-06
5.142662804830e-05 -1.699806513350e-05 2.326229355899e-04
-2.169714233225e-04 1.104380900236e-04 5.098120756296e-06
-9.553851157856e-06 -1.285851071219e-05 2.685809611749e-05
-1.285841130132e-05 1.293479510841e-04 2.205607562008e-05
6
79 2.370000000000e+00
3.593560906375e-06 -1.615713631560e-06 -2.004873779026e-06
-1.807371399928e-06 -3.919366695567e-06 5.506469051222e-06
5.172030996134e-05 -1.694592580321e-05 2.336302223499e-04
-2.175208172516e-04 1.107413945501e-04 4.868317911231e-06
-9.514924363684e-06 -1.309040403846e-05 2.687781738397e-05
-1.289209917784e-05 1.307525908467e-04 2.206145059078e-05
6
80 2.400000000000e+00
3.751804482444e-06 -1.697759503261e-06 -2.227815989279e-06
-1.791470371574e-06 -4.016864332576e-06 5.445279493584e-06
5.201806546843e-05 -1.689301172238e-05 2.346402286740e-04
-2.180700687563e-04 1.110452083143e-04 4.632284984691e-06
-9.471417918824e-06 -1.332222075848e-05 2.689198792978e-05
-1.292363576656e-05 1.321532152931e-04 2.206436279606e-05
6
81 2.430000000000e+00
3.911656480228e-06 -1.780731955663e-06 -2.454748891990e-06
-1.775168183366e-06 -4.114684879752e-06 5.383081145393e-06
5.232032256744e-05 -1.683954041110e-05 2.356549457911e-04
-2.186212505514e-04 1.113505856500e-04 4.390205543880e-06
-9.423434534174e-06 -1.355398732242e-05 2.690075812623e-05
-1.295307990849e-05 1.335500215121e-04 2.206487871743e-05
6
82 2.460000000000e+00
4.073042735831e-06 -1.864589325638e-06 -2.685547608517e-06
-1.758476633300e-06 -4.212828788375e-06 5.319873488088e-06
5.262749774783e-05 -1.678572226507e-05 2.366762862108e-04
-2.191763711766e-04 1.116585502136e-04 4.142260710713e-06
-9.371076150162e-06 -1.378573229071e-05 2.690427220905e-05
-1.298048945785e-05 1.349432024851e-04 2.206306014060e-05
6
83 2.490000000000e+00
4.235914916185e-06 -1.949304702600e-06 -2.920115005378e-06
-1.741407525955e-06 -4.311296445860e-06 5.255658187950e-06
5.293999027243e-05 -1.673176096113e-05 2.377060896826e-04
-2.197373740304e-04 1.119700969962e-04 3.888633199209e-06
-9.314443759033e-06 -1.401748608456e-05 2.690266842710e-05
-1.300592131567e-05 1.363329470969e-04 2.205896468485e-05
6
84 2.520000000000e+00
4.400249274113e-06 -2.034856312631e-06 -3.158380604130e-06
-1.723972672056e-06 -4.410088175940e-06 5.190439097477e-06
5.325818024156e-05 -1.667785678970e-05 2.387461410613e-04
-2.203061412019e-04 1.122861935692e-04 3.629514304206e-06
-9.253637233765e-06 -1.424928081668e-05 2.689607923857e-05
-1.302943137244e-05 1.377194400248e-04 2.205264612005e-05
6
85 2.550000000000e+00
4.566027913201e-06 -2.121223258849e-06 -3.400295251048e-06
-1.706183801255e-06 -4.509204135788e-06 5.124222231270e-06
5.358242627797e-05 -1.662420795435e-05 2.397981796202e-04
-2.208844952762e-04 1.126077765844e-04 3.365100457289e-06
-9.188755209559e-06 -1.448115012760e-05 2.688463155754e-05
-1.305107447196e-05 1.391028617104e-04 2.204415461209e-05
6
86 2.580000000000e+00
4.733237462319e-06 -2.208390198110e-06 -3.645834838129e-06
-1.688052452366e-06 -4.608644282650e-06 5.057015690884e-06
5.391306542344e-05 -1.657100897469e-05 2.408638974299e-04
-2.214741982979e-04 1.129357509050e-04 3.095589254651e-06
-9.119895020041e-06 -1.471312895381e-05 2.686844705200e-05
-1.307090440941e-05 1.404833884404e-04 2.203353707153e-05
6
87 2.610000000000e+00
4.901870535372e-06 -2.296339071202e-06 -3.894984921718e-06
-1.669590055430e-06 -4.708408409585e-06 4.988829573542e-06
5.425042297948e-05 -1.651845208963e-05 2.419449288595e-04
-2.220769526885e-04 1.132709936951e-04 2.821180138169e-06
-9.047152628091e-06 -1.494525330082e-05 2.684764244290e-05
-1.308897390727e-05 1.418611923650e-04 2.202083757848e-05
6
88 2.640000000000e+00
5.071907837340e-06 -2.385048455723e-06 -4.147715939468e-06
-1.650808020577e-06 -4.808496114153e-06 4.919675985966e-06
5.459481960068e-05 -1.646672797834e-05 2.430428407817e-04
-2.226944061024e-04 1.136143515940e-04 2.542067360268e-06
-8.970622532566e-06 -1.517756007478e-05 2.682232975176e-05
-1.310533464799e-05 1.432364414993e-04 2.200609780011e-05
6
89 2.670000000000e+00
5.243322294579e-06 -2.474502266590e-06 -4.403991417533e-06
-1.631717538567e-06 -4.908906744649e-06 4.849568975949e-06
5.494656251683e-05 -1.641602197174e-05 2.441591379556e-04
-2.233281576718e-04 1.139666346011e-04 2.258435834117e-06
-8.890397692529e-06 -1.541008691810e-05 2.679261658085e-05
-1.312003735546e-05 1.446092997670e-04 2.198935726578e-05
6
90 2.700000000000e+00
5.416088806819e-06 -2.564680626162e-06 -4.663778680643e-06
-1.612329487203e-06 -5.009639330087e-06 4.778524366626e-06
5.530593877443e-05 -1.636651594973e-05 2.452952747678e-04
-2.239797621504e-04 1.143286246193e-04 1.970473839187e-06
-8.806569494989e-06 -1.564287203388e-05 2.675860646594e-05
-1.313313173878e-05 1.459799269123e-04 2.197065336445e-05
6
91 2.730000000000e+00
5.590176117877e-06 -2.655553085255e-06 -4.927031048716e-06
-1.592654618401e-06 -5.110692566993e-06 4.706559704993e-06
5.567322557658e-05 -1.631839422714e-05 2.464526507763e-04
-2.246507269631e-04 1.147010891295e-04 1.678380291267e-06
-8.719227688012e-06 -1.587595400550e-05 2.672039914577e-05
-1.314466636727e-05 1.473484783505e-04 2.195002140285e-05
6
92 2.760000000000e+00
5.765547148807e-06 -2.747090639680e-06 -5.193677825979e-06
-1.572703625582e-06 -5.212064825586e-06 4.633694340400e-06
5.604869898921e-05 -1.627184034675e-05 2.476325985896e-04
-2.253425070827e-04 1.150847740656e-04 1.382351628766e-06
-8.628460314663e-06 -1.610937156101e-05 2.667809079444e-05
-1.315468872605e-05 1.487151053421e-04 2.192749520240e-05
6
93 2.790000000000e+00
5.942159870500e-06 -2.839266994117e-06 -5.463633974940e-06
-1.552486995382e-06 -5.313753955220e-06 4.559949496185e-06
5.643262791918e-05 -1.622703193184e-05 2.488363856458e-04
-2.260565063109e-04 1.154803869078e-04 1.082575062092e-06
-8.534353801632e-06 -1.634316339248e-05 2.663177440450e-05
-1.316324540434e-05 1.500799554959e-04 2.190310791182e-05
6
94 2.820000000000e+00
6.119967827426e-06 -2.932044612529e-06 -5.736811847514e-06
-1.532015045498e-06 -5.415757218953e-06 4.485348041580e-06
5.682526314356e-05 -1.618414189331e-05 2.500652281675e-04
-2.267940765657e-04 1.158886043739e-04 7.792442915641e-07
-8.436993054861e-06 -1.657736812057e-05 2.658154016701e-05
-1.317038216332e-05 1.514431728869e-04 2.187689214881e-05
6
95 2.850000000000e+00
6.298926891347e-06 -3.025384428046e-06 -6.013125407388e-06
-1.511297949147e-06 -5.518071735730e-06 4.409913809918e-06
5.722683384311e-05 -1.614333927989e-05 2.513203037659e-04
-2.275565084167e-04 1.163100905616e-04 4.725660601972e-07
-8.336461256643e-06 -1.681202417644e-05 2.652747557010e-05
-1.317614375369e-05 1.528048973077e-04 2.184887919806e-05
6
96 2.880000000000e+00
6.478991675625e-06 -3.119253516321e-06 -6.292474384933e-06
-1.490345351061e-06 -5.620694647358e-06 4.333671235321e-06
5.763755730519e-05 -1.610479211218e-05 2.526027459764e-04
-2.283450247372e-04 1.167454838387e-04 1.627351155174e-07
-8.232839657305e-06 -1.704716964368e-05 2.646966544452e-05
-1.318057360904e-05 1.541652634862e-04 2.181909827635e-05
6
97 2.910000000000e+00
6.660107704637e-06 -3.213609585815e-06 -6.574742932419e-06
-1.469166470535e-06 -5.723622610323e-06 4.256645987647e-06
5.805764936145e-05 -1.606867637166e-05 2.539136223612e-04
-2.291607848648e-04 1.171953688719e-04 -1.500841567353e-07
-8.126207958027e-06 -1.728284223497e-05 2.640819256140e-05
-1.318371373223e-05 1.555244014895e-04 2.178757713105e-05
6
98 2.940000000000e+00
6.842215998970e-06 -3.308405825411e-06 -6.859822053759e-06
-1.447770718007e-06 -5.826851700639e-06 4.178865220816e-06
5.848731930262e-05 -1.603517637351e-05 2.552539276468e-04
-2.300048892956e-04 1.176602816758e-04 -4.657303704380e-07
-8.016644808547e-06 -1.751907902020e-05 2.634313850036e-05
-1.318560514930e-05 1.568824381514e-04 2.175434380115e-05
6
99 2.970000000000e+00
7.025259137733e-06 -3.403604190192e-06 -7.147604801077e-06
-1.426167410727e-06 -5.930377629460e-06 4.100356612531e-06
5.892675448288e-05 -1.600446545864e-05 2.566246032474e-04
-2.308783730481e-04 1.181407405549e-04 -7.840126514259e-07
-7.904227502731e-06 -1.775591599076e-05 2.627458363297e-05
-1.318628867628e-05 1.582394977665e-04 2.171942767236e-05
6
100 3.000000000000e+00
7.209179178877e-06 -3.499170320371e-06 -7.437975641602e-06
-1.404364925967e-06 -6.034195646112e-06 4.021148111969e-06
5.937611514233e-05 -1.597669303937e-05 2.580265494287e-04
-2.317821934545e-04 1.186372537843e-04 -1.104732768099e-06
-7.789031463227e-06 -1.799338828103e-05 2.620260643309e-05
-1.318580461751e-05 1.595957005932e-04 2.168285805285e-05
6
101 3.030000000000e+00
7.393916831683e-06 -3.595058136097e-06 -7.730818127895e-06
-1.382370964195e-06 -6.138300996224e-06 3.941268606147e-06
5.983554727767e-05 -1.595200221875e-05 2.594606065809e-04
-2.327172351753e-04 1.191502889291e-04 -1.427731560747e-06
-7.671130423812e-06 -1.823153073493e-05 2.612728351589e-05
-1.318419133108e-05 1.609511607805e-04 2.164466178265e-05
6
102 3.060000000000e+00
7.579407501646e-06 -3.691214831600e-06 -8.026010849903e-06
-1.360193846137e-06 -6.242688976320e-06 3.860747618037e-06
6.030519327243e-05 -1.593054973185e-05 2.609275311379e-04
-2.336843315073e-04 1.196802455208e-04 -1.752885849240e-06
-7.550596825542e-06 -1.847037763621e-05 2.604869047206e-05
-1.318148520231e-05 1.623059871294e-04 2.160486377637e-05
6
103 3.090000000000e+00
7.765579018014e-06 -3.787598251298e-06 -8.323421859382e-06
-1.337842547277e-06 -6.347353344179e-06 3.779615044000e-06
6.078518121053e-05 -1.591249555591e-05 2.624280021776e-04
-2.346842673938e-04 1.202274710649e-04 -2.080060387452e-06
-7.427502051785e-06 -1.870996181079e-05 2.596690260861e-05
-1.317772251168e-05 1.636602861849e-04 2.156349014879e-05
6
104 3.120000000000e+00
7.952357435877e-06 -3.884165563682e-06 -8.622911998228e-06
-1.315325011255e-06 -6.452286142474e-06 3.697902206306e-06
6.127560720380e-05 -1.589797688977e-05 2.639626541024e-04
-2.357177559444e-04 1.207922969673e-04 -2.409085116645e-06
-7.301916699159e-06 -1.895031427087e-05 2.588199528296e-05
-1.317293982809e-05 1.650141629562e-04 2.152056893050e-05
6
105 3.150000000000e+00
8.139671675716e-06 -3.980868903975e-06 -8.924339998902e-06
-1.292648198876e-06 -6.557480217454e-06 3.615641837772e-06
6.177653397082e-05 -1.588709745102e-05 2.655320962283e-04
-2.367854253304e-04 1.213750459518e-04 -2.739779798736e-06
-7.173910398109e-06 -1.919146468263e-05 2.579404355336e-05
-1.316717191370e-05 1.663677177309e-04 2.147612747075e-05
6
106 3.180000000000e+00
8.327452836370e-06 -4.077665372359e-06 -9.227569617827e-06
-1.269820498828e-06 -6.662929662033e-06 3.532866565316e-06
6.228800124459e-05 -1.587994127836e-05 2.671369007865e-04
-2.378878375288e-04 1.219760063640e-04 -3.071983942822e-06
-7.043551059213e-06 -1.943344212102e-05 2.570312107985e-05
-1.316045101621e-05 1.677210439840e-04 2.143019157429e-05
6
107 3.210000000000e+00
8.515625936508e-06 -4.174506980972e-06 -9.532463586509e-06
-1.246851906068e-06 -6.768626368686e-06 3.449609497594e-06
6.281003168861e-05 -1.587659641027e-05 2.687775850499e-04
-2.390255139876e-04 1.225954094448e-04 -3.405564377141e-06
-6.910904733091e-06 -1.967627529279e-05 2.560929964071e-05
-1.315280927636e-05 1.690742313555e-04 2.138278787303e-05
6
108 3.240000000000e+00
8.704111289531e-06 -4.271341904407e-06 -9.838869871655e-06
-1.223751252439e-06 -6.874558309603e-06 3.365906628222e-06
6.334263449371e-05 -1.587716430442e-05 2.704546117919e-04
-2.401989368568e-04 1.232334397102e-04 -3.740407654218e-06
-6.776036552470e-06 -1.991999171273e-05 2.551265057240e-05
-1.314428009417e-05 1.704273689292e-04 2.133394437496e-05
6
109 3.270000000000e+00
8.892831065396e-06 -4.368124060175e-06 -1.014662278929e-05
-1.200525277406e-06 -6.980713429361e-06 3.281795811044e-06
6.388581106712e-05 -1.588174407423e-05 2.721684009348e-04
-2.414085288913e-04 1.238902626935e-04 -4.076407868245e-06
-6.639011306205e-06 -2.016461681218e-05 2.541324658223e-05
-1.313489557818e-05 1.717805424135e-04 2.128368746399e-05
6
110 3.300000000000e+00
9.081705450928e-06 -4.464808225889e-06 -1.045555407130e-05
-1.177181336907e-06 -7.087083916653e-06 3.197312521658e-06
6.443955319487e-05 -1.589040801165e-05 2.739193415279e-04
-2.426546420285e-04 1.245660308824e-04 -4.413456924354e-06
-6.499892703030e-06 -2.041017430144e-05 2.531116119488e-05
-1.312468401120e-05 1.731338294995e-04 2.123204092196e-05
6
111 3.330000000000e+00
9.270662506879e-06 -4.561351515869e-06 -1.076550065921e-05
-1.153729822214e-06 -7.193663456374e-06 3.112489598767e-06
6.500383283648e-05 -1.590319499959e-05 2.757078000295e-04
-2.439375656899e-04 1.252608640734e-04 -4.751447843292e-06
-6.358742730092e-06 -2.065668700263e-05 2.520646654162e-05
-1.311367187313e-05 1.744873021384e-04 2.117902950222e-05
6
112 3.360000000000e+00
9.459654233784e-06 -4.657718541104e-06 -1.107631009142e-05
-1.130182089222e-06 -7.300440223024e-06 3.027362732558e-06
6.557859660305e-05 -1.592012605345e-05 2.775341152778e-04
-2.452575344465e-04 1.259748347851e-04 -5.090291437141e-06
-6.215622283884e-06 -2.090417673928e-05 2.509923276094e-05
-1.310188769051e-05 1.758410327696e-04 2.112468124343e-05
6
113 3.390000000000e+00
9.648650662324e-06 -4.753883878006e-06 -1.138784670870e-05
-1.106546471745e-06 -7.407396009483e-06 2.941974100770e-06
6.616377137843e-05 -1.594122189413e-05 2.793985783556e-04
-2.466147242121e-04 1.267079758186e-04 -5.429925617330e-06
-6.070591719785e-06 -2.115266395905e-05 2.498952945784e-05
-1.308936194492e-05 1.771950944181e-04 2.106902518607e-05
6
114 3.420000000000e+00
9.837629579397e-06 -4.849835176993e-06 -1.169999597118e-05
-1.082829116589e-06 -7.514513663216e-06 2.856368416617e-06
6.675927300930e-05 -1.596650653223e-05 2.813014169620e-04
-2.480092488046e-04 1.274602947261e-04 -5.770301569916e-06
-5.923710171180e-06 -2.140216817962e-05 2.487742677158e-05
-1.307612348742e-05 1.785495552970e-04 2.101208957984e-05
6
115 3.450000000000e+00
1.002658014809e-05 -4.945569438962e-06 -1.201266625058e-05
-1.059039104740e-06 -7.621782611572e-06 2.770585989092e-06
6.736500650288e-05 -1.599599887796e-05 2.832428048558e-04
-2.494411656125e-04 1.282317752776e-04 -6.111358197641e-06
-5.775035262108e-06 -2.165270820873e-05 2.476299544888e-05
-1.306219759257e-05 1.799044770877e-04 2.095390345950e-05
6
116 3.480000000000e+00
1.021550982282e-05 -5.041091263687e-06 -1.232579294507e-05
-1.035190118565e-06 -7.729194428263e-06 2.684662202983e-06
6.798085849323e-05 -1.602970116599e-05 2.852228863055e-04
-2.509104830035e-04 1.290223696182e-04 -6.453009187534e-06
-5.624624394586e-06 -2.190430082700e-05 2.464630715159e-05
-1.304760760986e-05 1.812599185721e-04 2.089449731348e-05
6
117 3.510000000000e+00
1.040444089564e-05 -5.136417731168e-06 -1.263933928327e-05
-1.011295946728e-06 -7.836733940134e-06 2.598635103588e-06
6.860668938611e-05 -1.606758858098e-05 2.872417868913e-04
-2.524171588422e-04 1.298319970968e-04 -6.795153070547e-06
-5.472535240072e-06 -2.215695930272e-05 2.452743411911e-05
-1.303237776659e-05 1.826159381414e-04 2.083390111515e-05
6
118 3.540000000000e+00
1.059340224469e-05 -5.231574649542e-06 -1.295329028967e-05
-9.873660489316e-07 -7.944377372043e-06 2.512551861271e-06
6.924232439440e-05 -1.610960221494e-05 2.892996059685e-04
-2.539610902932e-04 1.306605494011e-04 -7.137688927705e-06
-5.318823708713e-06 -2.241069424270e-05 2.440644688770e-05
-1.301653434587e-05 1.839725925936e-04 2.077214421318e-05
6
119 3.570000000000e+00
1.078243022207e-05 -5.326586712682e-06 -1.326765293346e-05
-9.634074519360e-07 -8.052100013118e-06 2.426465456337e-06
6.988754428085e-05 -1.615565070113e-05 2.913964086171e-04
-2.555421030375e-04 1.315078911070e-04 -7.480512436603e-06
-5.163542750380e-06 -2.266551656526e-05 2.428341305919e-05
-1.300010451340e-05 1.853299360224e-04 2.070925870721e-05
6
120 3.600000000000e+00
1.097157048807e-05 -5.421479342805e-06 -1.358245739680e-05
-9.394305829283e-07 -8.159884284402e-06 2.340424812625e-06
7.054208868504e-05 -1.620562557029e-05 2.935322222671e-04
-2.571599523430e-04 1.323738591470e-04 -7.823495062622e-06
-5.006745365993e-06 -2.292143931838e-05 2.415840085151e-05
-1.298311385921e-05 1.866880206262e-04 2.064528088492e-05
6
121 3.630000000000e+00
1.116086885350e-05 -5.516286075234e-06 -1.389774487668e-05
-9.154512097968e-07 -8.267718697928e-06 2.254470232420e-06
7.120567675073e-05 -1.625942338707e-05 2.957070272715e-04
-2.588143468064e-04 1.332582698627e-04 -8.166473575301e-06
-4.848488270739e-06 -2.317847561700e-05 2.403148410819e-05
-1.296558485389e-05 1.880468969066e-04 2.058024739732e-05
6
122 3.660000000000e+00
1.135035950778e-05 -5.611041862376e-06 -1.421355580214e-05
-8.914861752760e-07 -8.375588781835e-06 2.168640144516e-06
7.187802451906e-05 -1.631695212567e-05 2.979207432737e-04
-2.605049832484e-04 1.341609283167e-04 -8.509260983905e-06
-4.688829975263e-06 -2.343663387628e-05 2.390274131950e-05
-1.294753829222e-05 1.894066123977e-04 2.051419150593e-05
6
123 3.690000000000e+00
1.154006086321e-05 -5.705772476890e-06 -1.452993106119e-05
-8.675487036598e-07 -8.483470376365e-06 2.082981300314e-06
7.255884086178e-05 -1.637811078964e-05 3.001732320802e-04
-2.622315608364e-04 1.350816311220e-04 -8.851663425983e-06
-4.527824570986e-06 -2.369591505396e-05 2.377224866545e-05
-1.292899688565e-05 1.907672111547e-04 2.044714528157e-05
6
124 3.720000000000e+00
1.172997574006e-05 -5.800498298874e-06 -1.484690753574e-05
-8.436486295703e-07 -8.591332886348e-06 1.997550162421e-06
7.324781720264e-05 -1.644276892134e-05 3.024643224074e-04
-2.639937659541e-04 1.360201653366e-04 -9.193487615008e-06
-4.365519778482e-06 -2.395631577117e-05 2.364007630881e-05
-1.290998689370e-05 1.921287353234e-04 2.037914506857e-05
6
125 3.750000000000e+00
1.192008894371e-05 -5.895236747543e-06 -1.516449769085e-05
-8.197965307907e-07 -8.699148704696e-06 1.912403955581e-06
7.394463282583e-05 -1.651077557442e-05 3.047938339464e-04
-2.657912572746e-04 1.369763105804e-04 -9.534536664762e-06
-4.201963385404e-06 -2.421783540496e-05 2.350629394383e-05
-1.289053543712e-05 1.934912278963e-04 2.031023323260e-05
6
126 3.780000000000e+00
1.211036281260e-05 -5.989990812517e-06 -1.548267515336e-05
-7.960069885061e-07 -8.806898748318e-06 1.827591381302e-06
7.464896397744e-05 -1.658198098621e-05 3.071615895225e-04
-2.676236716151e-04 1.379498451699e-04 -9.874598712676e-06
-4.037211069208e-06 -2.448047994464e-05 2.337097931833e-05
-1.287066675074e-05 1.948547344872e-04 2.024045446615e-05
6
127 3.810000000000e+00
1.230073320593e-05 -6.084744430950e-06 -1.580137298978e-05
-7.722976011831e-07 -8.914569125122e-06 1.743151827790e-06
7.536047639116e-05 -1.665623635578e-05 3.095674266875e-04
-2.694906357873e-04 1.389405524587e-04 -1.021343731798e-05
-3.871325685312e-06 -2.474425757638e-05 2.323421858048e-05
-1.285040220725e-05 1.962193018650e-04 2.016985146583e-05
6
128 3.840000000000e+00
1.249110834033e-05 -6.179469718986e-06 -1.612047726465e-05
-7.486848488573e-07 -9.022143166483e-06 1.659122564059e-06
7.607881670400e-05 -1.673338049148e-05 3.120112014565e-04
-2.713917652993e-04 1.399482219150e-04 -1.055079415344e-05
-3.704367830617e-06 -2.500916961296e-05 2.309609687788e-05
-1.282976396630e-05 1.975849736116e-04 2.009846473828e-05
6
129 3.870000000000e+00
1.268137459714e-05 -6.274126081195e-06 -1.643982265926e-05
-7.251811910832e-07 -9.129596763306e-06 1.575546679523e-06
7.680362686257e-05 -1.681324715887e-05 3.144927603601e-04
-2.733266541724e-04 1.409726405434e-04 -1.088640205658e-05
-3.536387927053e-06 -2.527520600183e-05 2.295668990265e-05
-1.280877757214e-05 1.989517870587e-04 2.002633592696e-05
6
130 3.900000000000e+00
1.287140781950e-05 -6.368657558799e-06 -1.675921028451e-05
-7.017963466378e-07 -9.236900812176e-06 1.492474518745e-06
7.753456362850e-05 -1.689568690723e-05 3.170118928472e-04
-2.752948700718e-04 1.420135804979e-04 -1.121999211656e-05
-3.367428827024e-06 -2.554235053655e-05 2.281606679010e-05
-1.278747056653e-05 2.003197753282e-04 1.995351006064e-05
6
131 3.930000000000e+00
1.306108326241e-05 -6.463006897986e-06 -1.707843475794e-05
-6.785412805893e-07 -9.344027581739e-06 1.409957439991e-06
7.827129074793e-05 -1.698056641530e-05 3.195683075566e-04
-2.772959545308e-04 1.430707947830e-04 -1.155128555503e-05
-3.197536881425e-06 -2.581059105606e-05 2.267430233877e-05
-1.276586906772e-05 2.016889729657e-04 1.988003379535e-05
6
132 3.960000000000e+00
1.325028153174e-05 -6.557130228075e-06 -1.739729863298e-05
-6.554307588197e-07 -9.450955110155e-06 1.328039876595e-06
7.901345530358e-05 -1.706774515447e-05 3.221616432676e-04
-2.793294170232e-04 1.441440213201e-04 -1.187997963288e-05
-3.026770712780e-06 -2.607992473302e-05 2.253148609322e-05
-1.274399618484e-05 2.030594196899e-04 1.980595192988e-05
6
133 3.990000000000e+00
1.343889210452e-05 -6.650992059109e-06 -1.771562304336e-05
-6.324817669358e-07 -9.557666888842e-06 1.246756873923e-06
7.976068506910e-05 -1.715706772838e-05 3.247914805633e-04
-2.813947196283e-04 1.452329841348e-04 -1.220574095003e-05
-2.855199228857e-06 -2.635035349319e-05 2.238771855859e-05
-1.272187387371e-05 2.044311590295e-04 1.973130691721e-05
6
134 4.020000000000e+00
1.362681513940e-05 -6.744558284726e-06 -1.803326326004e-05
-6.097092575315e-07 -9.664148375487e-06 1.166138435413e-06
8.051260755898e-05 -1.724838218321e-05 3.274573362638e-04
-2.834912609100e-04 1.463373877863e-04 -1.252821036193e-05
-2.682890691552e-06 -2.662187389281e-05 2.224309809193e-05
-1.269952622386e-05 2.058042336455e-04 1.965614246267e-05
6
135 4.050000000000e+00
1.381396334771e-05 -6.837805070503e-06 -1.835011094386e-05
-5.871236705132e-07 -9.770383488299e-06 1.086215850284e-06
8.126885742924e-05 -1.734155013060e-05 3.301586670125e-04
-2.856183715839e-04 1.474569137545e-04 -1.284701695306e-05
-2.509902907859e-06 -2.689447032630e-05 2.209771160693e-05
-1.267698083102e-05 2.071786815644e-04 1.958050711008e-05
6
136 4.080000000000e+00
1.400026463629e-05 -6.930724716322e-06 -1.866607456045e-05
-5.647327898073e-07 -9.876352987423e-06 1.007024908258e-06
8.202905981940e-05 -1.743642914805e-05 3.328949022211e-04
-2.877753294333e-04 1.485912236912e-04 -1.316179602814e-05
-2.336283327152e-06 -2.716811758334e-05 2.195163771436e-05
-1.265426717122e-05 2.085545363750e-04 1.950445345600e-05
6
137 4.110000000000e+00
1.418566081527e-05 -7.023313043475e-06 -1.898105763344e-05
-5.425458505459e-07 -9.982034887123e-06 9.286044308588e-07
8.279281441967e-05 -1.753285501008e-05 3.356654770707e-04
-2.899613865288e-04 1.497399636306e-04 -1.347220153162e-05
-2.162078617512e-06 -2.744279100727e-05 2.180495839364e-05
-1.263141378093e-05 2.099318312106e-04 1.942803332275e-05
6
138 4.140000000000e+00
1.437009903871e-05 -7.115554578539e-06 -1.929494703435e-05
-5.205760386179e-07 -1.008740629430e-05 8.509915503403e-07
8.355970314228e-05 -1.763065402437e-05 3.384698215937e-04
-2.921757881393e-04 1.509027650001e-04 -1.377790114801e-05
-1.987345256012e-06 -2.771847563058e-05 2.165776797292e-05
-1.260844667326e-05 2.113106033096e-04 1.935129351378e-05
6
139 4.170000000000e+00
1.455352307264e-05 -7.207419549652e-06 -1.960760547388e-05
-4.988394267410e-07 -1.019244587313e-05 7.742171145786e-07
8.432931186161e-05 -1.772967083114e-05 3.413073092226e-04
-2.944177683355e-04 1.520792460854e-04 -1.407855361536e-05
-1.812152289208e-06 -2.799516646771e-05 2.151017155793e-05
-1.258538986882e-05 2.126908951369e-04 1.927427607344e-05
6
140 4.200000000000e+00
1.473587416120e-05 -7.298866591766e-06 -1.991886971118e-05
-4.773512532822e-07 -1.029713596306e-05 6.983044264142e-07
8.510123977431e-05 -1.782977311928e-05 3.441772156693e-04
-2.966865303075e-04 1.532690158676e-04 -1.437378560152e-05
-1.636574246465e-06 -2.827286031395e-05 2.136227472313e-05
-1.256226717261e-05 2.140727507946e-04 1.919702241018e-05
6
141 4.230000000000e+00
1.491709930767e-05 -7.389845728506e-06 -2.022856323940e-05
-4.561222569382e-07 -1.040146337947e-05 6.232713563954e-07
8.587508744754e-05 -1.793082727628e-05 3.470787249300e-04
-2.989812339889e-04 1.544716763517e-04 -1.466318728964e-05
-1.460680522782e-06 -2.855154653587e-05 2.121417383293e-05
-1.253910383964e-05 2.154562106136e-04 1.911957707067e-05
6
142 4.260000000000e+00
1.509715712250e-05 -7.480305504542e-06 -2.053652195006e-05
-4.351576058762e-07 -1.050541892532e-05 5.491327167159e-07
8.665044255740e-05 -1.803268190409e-05 3.500109665143e-04
-3.013010044578e-04 1.556868232168e-04 -1.494632659295e-05
-1.284530111773e-06 -2.883120401123e-05 2.106595544779e-05
-1.251592701042e-05 2.168413084223e-04 1.904198739781e-05
6
143 4.290000000000e+00
1.527601905552e-05 -7.570205336414e-06 -2.084262048532e-05
-4.144593532470e-07 -1.060899593136e-05 4.759008439352e-07
8.742688636850e-05 -1.813518776928e-05 3.529730465002e-04
-3.036449555257e-04 1.569140515192e-04 -1.522276537570e-05
-1.108175575830e-06 -2.911180572491e-05 2.091770450761e-05
-1.249276486021e-05 2.182280742202e-04 1.896429945277e-05
6
144 4.320000000000e+00
1.545367189433e-05 -7.659525876342e-06 -2.114678775343e-05
-3.940307649271e-07 -1.071218787923e-05 4.035855129539e-07
8.820401895454e-05 -1.823823254550e-05 3.559640617638e-04
-3.060122146561e-04 1.581529673437e-04 -1.549206790221e-05
-9.316724972547e-07 -2.939332715919e-05 2.076951319193e-05
-1.246964544514e-05 2.196165402480e-04 1.888655413324e-05
6
145 4.350000000000e+00
1.563012211186e-05 -7.748271354754e-06 -2.144901054714e-05
-3.738793426544e-07 -1.081498616130e-05 3.321946987401e-07
8.898147801909e-05 -1.834174703482e-05 3.589831115630e-04
-3.084019376859e-04 1.594031924420e-04 -1.575380889919e-05
-7.550864556995e-07 -2.967575236475e-05 2.062148306891e-05
-1.244659577608e-05 2.210067449082e-04 1.880878681022e-05
6
146 4.380000000000e+00
1.580539505137e-05 -7.836465266961e-06 -2.174932890153e-05
-3.540166684498e-07 -1.091737929563e-05 2.617362292065e-07
8.975893376898e-05 -1.844567742957e-05 3.620293098801e-04
-3.108133070033e-04 1.606643514796e-04 -1.600758915727e-05
-5.784920322101e-07 -2.995907346139e-05 2.047371983968e-05
-1.242364115401e-05 2.223987314181e-04 1.873103026628e-05
6
147 4.410000000000e+00
1.597952741773e-05 -7.924143337917e-06 -2.204782087983e-05
-3.344555762996e-07 -1.101935363171e-05 1.922198852694e-07
9.053606827766e-05 -1.854995995296e-05 3.651017859986e-04
-3.132455162777e-04 1.619360537105e-04 -1.625305087147e-05
-4.019654654772e-07 -3.024328462682e-05 2.032632548806e-05
-1.240080516920e-05 2.237925432034e-04 1.865331765912e-05
6
148 4.440000000000e+00
1.615255997664e-05 -8.011347066344e-06 -2.234457622883e-05
-3.152067604904e-07 -1.112089446609e-05 1.236591527181e-07
9.131255884410e-05 -1.865452232336e-05 3.681996746020e-04
-3.156977538673e-04 1.632178904588e-04 -1.648987849095e-05
-2.255775279287e-07 -3.052837597176e-05 2.017939335242e-05
-1.237811075511e-05 2.251882201886e-04 1.857568293123e-05
6
149 4.470000000000e+00
1.632453149122e-05 -8.098115921036e-06 -2.263966497082e-05
-2.962765028644e-07 -1.122198756032e-05 5.607043350004e-08
9.208807434832e-05 -1.875929595452e-05 3.713221158556e-04
-3.181691954849e-04 1.645094501206e-04 -1.671778428943e-05
-4.939178230631e-08 -3.081433184797e-05 2.003300893103e-05
-1.235558163127e-05 2.265857979860e-04 1.849815927742e-05
6
150 4.500000000000e+00
1.649546848007e-05 -8.184472375158e-06 -2.293310648707e-05
-2.776667404340e-07 -1.132262127379e-05 -1.053120475615e-08
9.286228105103e-05 -1.886421460212e-05 3.744682700143e-04
-3.206590071156e-04 1.658103320263e-04 -1.693649244787e-05
1.265316623525e-07 -3.110113376767e-05 1.988725555812e-05
-1.233324282630e-05 2.279853090878e-04 1.842077752857e-05
6
151 4.530000000000e+00
1.666537491618e-05 -8.270405711596e-06 -2.322484537931e-05
-2.593775001904e-07 -1.142278825468e-05 -7.613757996192e-08
9.363485125975e-05 -1.896920416363e-05 3.776373196404e-04
-3.231663522966e-04 1.671201463324e-04 -1.714573172186e-05
3.021305950162e-07 -3.138876490439e-05 1.974222091605e-05
-1.231111984217e-05 2.293867848814e-04 1.834356515221e-05
6
152 4.560000000000e+00
1.683422950496e-05 -8.355868176679e-06 -2.351474151780e-05
-2.414089786817e-07 -1.152248635592e-05 -1.407514365284e-07
9.440547053638e-05 -1.907418586989e-05 3.808284382458e-04
-3.256903990968e-04 1.684385064671e-04 -1.734523245862e-05
4.773370095586e-07 -3.167721312462e-05 1.959799988094e-05
-1.228923728979e-05 2.307902581741e-04 1.826654582168e-05
6
153 4.590000000000e+00
1.700198713673e-05 -8.440783748514e-06 -2.380257870229e-05
-2.237615048388e-07 -1.162171860625e-05 -2.043870332793e-07
9.517384215965e-05 -1.917909732721e-05 3.840407470756e-04
-3.282303256316e-04 1.697650255783e-04 -1.753472145252e-05
6.520765625969e-07 -3.196647153039e-05 1.945469191598e-05
-1.226761838500e-05 2.321957660065e-04 1.818974017942e-05
6
154 4.620000000000e+00
1.716858393735e-05 -8.525061846615e-06 -2.408809279385e-05
-2.064345877149e-07 -1.172049181380e-05 -2.670672641161e-07
9.593969039129e-05 -1.928391227066e-05 3.872733059530e-04
-3.307853215169e-04 1.710993171412e-04 -1.771391884700e-05
8.262707318649e-07 -3.225653710976e-05 1.931239486041e-05
-1.224628576880e-05 2.336033514410e-04 1.811316828029e-05
6
155 4.650000000000e+00
1.733395256120e-05 -8.608613004432e-06 -2.437101227741e-05
-1.894265939828e-07 -1.181881416630e-05 -3.288191407235e-07
9.670276425991e-05 -1.938864078147e-05 3.905251554400e-04
-3.333545834574e-04 1.724409939502e-04 -1.788254477693e-05
9.998405651918e-07 -3.254740834108e-05 1.917119925600e-05
-1.222526265383e-05 2.350130622623e-04 1.803685223803e-05
6
156 4.680000000000e+00
1.749803982045e-05 -8.691363026293e-06 -2.465109741316e-05
-1.727354306013e-07 -1.191669248950e-05 -3.896695219904e-07
9.746284094341e-05 -1.949331170660e-05 3.937953773678e-04
-3.359373111705e-04 1.737896657130e-04 -1.804033498026e-05
1.172710559641e-06 -3.283908261583e-05 1.903118642185e-05
-1.220457311556e-05 2.364249464027e-04 1.796081636750e-05
6
157 4.710000000000e+00
1.766081229692e-05 -8.773262899438e-06 -2.492816964558e-05
-1.563598432192e-07 -1.201413008498e-05 -4.496417036016e-07
9.821972688037e-05 -1.959795580352e-05 3.970831235106e-04
-3.385327108237e-04 1.751449398509e-04 -1.818705907801e-05
1.344811188586e-06 -3.313155472561e-05 1.889243011031e-05
-1.218424096026e-05 2.378390469667e-04 1.788508381418e-05
6
158 4.740000000000e+00
1.782225429394e-05 -8.854295896202e-06 -2.520213072513e-05
-1.403003857086e-07 -1.211112623166e-05 -5.087529731980e-07
9.897325619277e-05 -1.970260546260e-05 4.003875914555e-04
-3.411400014306e-04 1.765064248966e-04 -1.832253684112e-05
1.516079158646e-06 -3.342481746250e-05 1.875499934549e-05
-1.216428902566e-05 2.392554003437e-04 1.780967102802e-05
6
159 4.770000000000e+00
1.798237024655e-05 -8.934480686846e-06 -2.547297122017e-05
-1.245592145635e-07 -1.220767750388e-05 -5.670138182631e-07
9.972328553935e-05 -1.980730669488e-05 4.037079736643e-04
-3.437584143116e-04 1.778737297484e-04 -1.844664735520e-05
1.686455261950e-06 -3.371886398034e-05 1.861896041168e-05
-1.214473807469e-05 2.406740373201e-04 1.773458432451e-05
6
160 4.800000000000e+00
1.814118797120e-05 -9.013867490223e-06 -2.574076479636e-05
-1.091388710437e-07 -1.230377980255e-05 -6.244287543702e-07
1.004696838345e-04 -1.991212409250e-05 4.070434312685e-04
-3.463871863562e-04 1.792464573196e-04 -1.855932602213e-05
1.855880585481e-06 -3.401369047639e-05 1.848437746375e-05
-1.212560561732e-05 2.420949852773e-04 1.765982084530e-05
6
161 4.830000000000e+00
1.829875126033e-05 -9.092528243375e-06 -2.600564412669e-05
-9.404037390014e-08 -1.239943014932e-05 -6.809979982680e-07
1.012123192449e-04 -2.001712717182e-05 4.103931213198e-04
-3.490255554839e-04 1.806242004049e-04 -1.866055317081e-05
2.024292885992e-06 -3.430929817807e-05 1.835131248404e-05
-1.210690642210e-05 2.435182703426e-04 1.758537238382e-05
6
162 4.860000000000e+00
1.845510493631e-05 -9.170541217052e-06 -2.626776237636e-05
-7.926109678137e-08 -1.249462810638e-05 -7.367199840332e-07
1.019510498567e-04 -2.012236645592e-05 4.137562510471e-04
-3.516727595106e-04 1.820065444190e-04 -1.875034583185e-05
2.191624756887e-06 -3.460569426878e-05 1.821982584394e-05
-1.208865351948e-05 2.449439188762e-04 1.751122966379e-05
6
163 4.890000000000e+00
1.861028391383e-05 -9.247972002870e-06 -2.652725282438e-05
-6.479353478366e-08 -1.258937677626e-05 -7.915950366115e-07
1.026857215679e-04 -2.022785770823e-05 4.171321030148e-04
-3.543280338773e-04 1.833930717591e-04 -1.882875753480e-05
2.357803550746e-06 -3.490289154178e-05 1.808997804637e-05
-1.207085956272e-05 2.463719584495e-04 1.743738462589e-05
6
164 4.920000000000e+00
1.876430665815e-05 -9.324860502496e-06 -2.678419710151e-05
-5.062591727783e-08 -1.268368291607e-05 -8.456293973356e-07
1.034161716002e-04 -2.033358529693e-05 4.205200047005e-04
-3.569906097108e-04 1.847833623233e-04 -1.889587758342e-05
2.522752221164e-06 -3.520090700438e-05 1.796183163124e-05
-1.205353787958e-05 2.478024184984e-04 1.736383062351e-05
6
165 4.950000000000e+00
1.891716945819e-05 -9.401216824616e-06 -2.703860549458e-05
-3.674474652528e-08 -1.277755568002e-05 -8.988380640762e-07
1.041422358839e-04 -2.043952188909e-05 4.239192692736e-04
-3.596597167997e-04 1.861769919587e-04 -1.895181817872e-05
2.686390982470e-06 -3.549975981815e-05 1.783545192357e-05
-1.203670310066e-05 2.492353310318e-04 1.729056201786e-05
6
166 4.980000000000e+00
1.906884630485e-05 -9.477020262085e-06 -2.729040751637e-05
-2.313852281764e-08 -1.287100457868e-05 -9.512456059170e-07
1.048637605794e-04 -2.054565387586e-05 4.273291538721e-04
-3.623345893394e-04 1.875735336528e-04 -1.899668980512e-05
2.848639857843e-06 -3.579946861650e-05 1.771090682121e-05
-1.202037190479e-05 2.506707314831e-04 1.721757426936e-05
6
167 5.010000000000e+00
1.921929453129e-05 -9.552222151090e-06 -2.753945075360e-05
-9.801404629496e-09 -1.296403811752e-05 -1.002884538680e-06
1.055806159312e-04 -2.065200047459e-05 4.307488594711e-04
-3.650144703271e-04 1.889725640311e-04 -1.903058043214e-05
3.009421672620e-06 -3.610004856047e-05 1.758826580671e-05
-1.200456381847e-05 2.521086588214e-04 1.714486416236e-05
6
168 5.040000000000e+00
1.936845809238e-05 -9.626752576693e-06 -2.778551174222e-05
3.265167682759e-09 -1.305666387847e-05 -1.053791433810e-06
1.062927063481e-04 -2.075861775680e-05 4.341775654014e-04
-3.676986158680e-04 1.903736717129e-04 -1.905355450004e-05
3.168664812054e-06 -3.640150999793e-05 1.746759716617e-05
-1.198930110559e-05 2.535491544092e-04 1.707242934172e-05
6
169 5.070000000000e+00
1.951627035169e-05 -9.700526457399e-06 -2.802832159791e-05
1.605443100961e-08 -1.314888958415e-05 -1.104002497131e-06
1.069999712289e-04 -2.086558808171e-05 4.376144756743e-04
-3.703862999217e-04 1.917764588720e-04 -1.906567274324e-05
3.326304518822e-06 -3.670385981646e-05 1.734896424684e-05
-1.197460707780e-05 2.549922605904e-04 1.700026700789e-05
6
170 5.100000000000e+00
1.966266220248e-05 -9.773452676851e-06 -2.826759991971e-05
2.855906958105e-08 -1.324072429619e-05 -1.153550358697e-06
1.077023780804e-04 -2.097300447393e-05 4.410588538252e-04
-3.730768170334e-04 1.931805345045e-04 -1.906702059707e-05
3.482281715165e-06 -3.700710345043e-05 1.723242378594e-05
-1.196050325545e-05 2.564380194274e-04 1.692837236828e-05
6
171 5.130000000000e+00
1.980757177603e-05 -9.845449520181e-06 -2.850308882401e-05
4.077632571626e-08 -1.333217919727e-05 -1.202462461225e-06
1.083999154268e-04 -2.108096059430e-05 4.445100311108e-04
-3.757694842472e-04 1.945855085878e-04 -1.905773087213e-05
3.636540496896e-06 -3.731124580121e-05 1.711802673859e-05
-1.194700696976e-05 2.578864709388e-04 1.685673816855e-05
6
172 5.160000000000e+00
1.995095173709e-05 -9.916458975280e-06 -2.873458661936e-05
5.271159080102e-08 -1.342326794162e-05 -1.250761274580e-06
1.090925903885e-04 -2.118954986508e-05 4.479673892277e-04
-3.784636446944e-04 1.959909932341e-04 -1.903799224243e-05
3.789026733068e-06 -3.761629253515e-05 1.700581830078e-05
-1.193413086665e-05 2.593376513182e-04 1.678535613401e-05
6
173 5.190000000000e+00
2.009277179077e-05 -9.986454607674e-06 -2.896198042702e-05
6.437978217829e-08 -1.351400665985e-05 -1.298466455257e-06
1.097804274068e-04 -2.129886805562e-05 4.514303350800e-04
-3.811586702441e-04 1.973966087687e-04 -1.900804227475e-05
3.939687920732e-06 -3.792225340103e-05 1.689583539022e-05
-1.192188389390e-05 2.607915922203e-04 1.671421872566e-05
6
174 5.220000000000e+00
2.023301810969e-05 -1.005544558262e-05 -2.918526669344e-05
7.580428649578e-08 -1.360441336839e-05 -1.345597988531e-06
1.104634629478e-04 -2.140901261959e-05 4.548982858412e-04
-3.838539589672e-04 1.988019895189e-04 -1.896814943923e-05
4.088472095676e-06 -3.822914577661e-05 1.678810452115e-05
-1.191027227057e-05 2.622483210689e-04 1.664331884969e-05
6
175 5.250000000000e+00
2.037169586385e-05 -1.012347782491e-05 -2.940455174580e-05
8.701383270619e-08 -1.369450632897e-05 -1.392178604348e-06
1.111417382286e-04 -2.152007824713e-05 4.583706720298e-04
-3.865489293494e-04 2.002067852994e-04 -1.891859468544e-05
4.235325598568e-06 -3.853699587048e-05 1.668264296801e-05
-1.189930016540e-05 2.637078618355e-04 1.657264788697e-05
6
176 5.280000000000e+00
2.050883055096e-05 -1.019062955274e-05 -2.962003658792e-05
9.803820708367e-08 -1.378430194670e-05 -1.438234488121e-06
1.118152932097e-04 -2.163214950413e-05 4.618469568539e-04
-3.892430181423e-04 2.016106600835e-04 -1.885966379539e-05
4.380192346992e-06 -3.884583786947e-05 1.657946134596e-05
-1.188897101271e-05 2.651702358882e-04 1.650219415495e-05
6
177 5.310000000000e+00
2.064446430485e-05 -1.025700246395e-05 -2.983199267059e-05
1.089032624747e-07 -1.387381341067e-05 -1.483794256012e-06
1.124841593526e-04 -2.174529110070e-05 4.653266599270e-04
-3.919356833902e-04 2.030132909744e-04 -1.879165062848e-05
4.523015760523e-06 -3.915571191473e-05 1.647856488682e-05
-1.187928958752e-05 2.666354623247e-04 1.643194210455e-05
6
178 5.340000000000e+00
2.077865239330e-05 -1.032271316103e-05 -3.004073418553e-05
1.196253872744e-07 -1.396304957737e-05 -1.528885970249e-06
1.131483510751e-04 -2.185954060160e-05 4.688093655521e-04
-3.946264058473e-04 2.044143661527e-04 -1.871486187292e-05
4.663741287246e-06 -3.946666041821e-05 1.637995478214e-05
-1.187026366685e-05 2.681035578288e-04 1.636187118944e-05
6
179 5.370000000000e+00
2.091145868081e-05 -1.038788447270e-05 -3.024658788128e-05
1.302072574404e-07 -1.405201382662e-05 -1.573532477555e-06
1.138078630047e-04 -2.197490936494e-05 4.722947040744e-04
-3.973146845551e-04 2.058135807355e-04 -1.862961715980e-05
4.802317275447e-06 -3.977872387923e-05 1.628363188840e-05
-1.186190411000e-05 2.695745371452e-04 1.629195468181e-05
6
180 5.400000000000e+00
2.104294832157e-05 -1.045263321282e-05 -3.044986005227e-05
1.406373704398e-07 -1.414070411449e-05 -1.617746565582e-06
1.144626769193e-04 -2.209139192817e-05 4.757823170166e-04
-4.000000320101e-04 2.072106325068e-04 -1.853624625769e-05
4.938694036809e-06 -4.009193892522e-05 1.618960167316e-05
-1.185422340879e-05 2.710484141932e-04 1.622215946823e-05
6
181 5.430000000000e+00
2.117318102387e-05 -1.051705547048e-05 -3.065080701633e-05
1.508939355279e-07 -1.422911471094e-05 -1.661527748800e-06
1.151127731144e-04 -2.220897859359e-05 4.792718287017e-04
-4.026819757430e-04 2.086052192815e-04 -1.843508752729e-05
5.072822457682e-06 -4.040633820157e-05 1.609787771572e-05
-1.184723411208e-05 2.725252023656e-04 1.615244715615e-05
6
182 5.460000000000e+00
2.130220309141e-05 -1.058121618492e-05 -3.084961271472e-05
1.609516874101e-07 -1.431723907845e-05 -1.704862112809e-06
1.157581407477e-04 -2.232766659189e-05 4.827628377409e-04
-4.053600652975e-04 2.099970397351e-04 -1.832648754983e-05
5.204653562872e-06 -4.072194942505e-05 1.600848291648e-05
-1.184094806927e-05 2.740049139773e-04 1.608277650696e-05
6
183 5.490000000000e+00
2.143003660775e-05 -1.064514525491e-05 -3.104636967749e-05
1.707893968790e-07 -1.440507297371e-05 -1.747726239102e-06
1.163987871733e-04 -2.244746876748e-05 4.862549252535e-04
-4.080338773967e-04 2.113857979678e-04 -1.821079944474e-05
5.334139365442e-06 -4.103879377162e-05 1.592144907513e-05
-1.183537541338e-05 2.754875604732e-04 1.601310629267e-05
6
184 5.520000000000e+00
2.155667272769e-05 -1.070883452124e-05 -3.124106472175e-05
1.803965757171e-07 -1.449261721565e-05 -1.790095096204e-06
1.170347453773e-04 -2.256841773736e-05 4.897476695384e-04
-4.107030141426e-04 2.127712091688e-04 -1.808838052785e-05
5.461233711702e-06 -4.135688612632e-05 1.583681532850e-05
-1.183052267113e-05 2.769731539411e-04 1.594339716218e-05
6
185 5.550000000000e+00
2.168207133920e-05 -1.077223561140e-05 -3.143357749979e-05
1.897784317855e-07 -1.457987983617e-05 -1.831951534256e-06
1.176660764696e-04 -2.269056343662e-05 4.932406643291e-04
-4.133670979742e-04 2.141530046188e-04 -1.795958945860e-05
5.585891656743e-06 -4.167623777317e-05 1.575462584298e-05
-1.182639207621e-05 2.784617085531e-04 1.587361305443e-05
6
186 5.580000000000e+00
2.180616054976e-05 -1.083526486333e-05 -3.162369547066e-05
1.989577535171e-07 -1.466687715722e-05 -1.873294562798e-06
1.182928681351e-04 -2.281396730537e-05 4.967335439638e-04
-4.160257712500e-04 2.155309353134e-04 -1.782478051242e-05
5.708068080040e-06 -4.199685981426e-05 1.567492673456e-05
-1.182298341196e-05 2.799532409215e-04 1.580372368012e-05
6
187 5.610000000000e+00
2.192883856103e-05 -1.089781315508e-05 -3.181113785775e-05
2.079730792044e-07 -1.475363354831e-05 -1.914145031054e-06
1.189152314389e-04 -2.293869631111e-05 5.002260071289e-04
-4.186787009889e-04 2.169047732944e-04 -1.768429739372e-05
5.827717270447e-06 -4.231876612487e-05 1.559776171074e-05
-1.182029615535e-05 2.814477701452e-04 1.573370757863e-05
6
188 5.640000000000e+00
2.204998286233e-05 -1.095975402010e-05 -3.199557927425e-05
2.168737155879e-07 -1.484017950845e-05 -1.954547096047e-06
1.195332955324e-04 -2.306481569901e-05 5.037178214444e-04
-4.213255823367e-04 2.182743114498e-04 -1.753847320642e-05
5.944793430103e-06 -4.264197595398e-05 1.552316722503e-05
-1.181832984290e-05 2.829453178018e-04 1.566355359747e-05
6
189 5.670000000000e+00
2.216946109332e-05 -1.102095210486e-05 -3.217667545309e-05
2.257121023977e-07 -1.492654852668e-05 -1.994564628673e-06
1.201472016392e-04 -2.319238312766e-05 5.072088047514e-04
-4.239661376954e-04 2.196393636106e-04 -1.738763680746e-05
6.059251459654e-06 -4.296651610617e-05 1.545116850969e-05
-1.181708440144e-05 2.844459074432e-04 1.559326035731e-05
6
190 5.700000000000e+00
2.228714290408e-05 -1.108127663260e-05 -3.235409740003e-05
2.345346963174e-07 -1.501277388140e-05 -2.034274393041e-06
1.207571001900e-04 -2.332145112799e-05 5.106987961427e-04
-4.266001147701e-04 2.209997659278e-04 -1.723211721872e-05
6.171048653989e-06 -4.329242186740e-05 1.538177638230e-05
-1.181656224130e-05 2.859495640412e-04 1.552283553052e-05
6
191 5.730000000000e+00
2.240291564542e-05 -1.114061806997e-05 -3.252757132190e-05
2.433748221744e-07 -1.509888589348e-05 -2.073757685304e-06
1.213631507631e-04 -2.345207742156e-05 5.141876330728e-04
-4.292272873632e-04 2.223553794749e-04 -1.707223947088e-05
6.280147082375e-06 -4.361973561435e-05 1.531498528306e-05
-1.181677001357e-05 2.874563133650e-04 1.545229484426e-05
6
192 5.760000000000e+00
2.251669747181e-05 -1.119890401441e-05 -3.269691702856e-05
2.522490166437e-07 -1.518490980689e-05 -2.113090989256e-06
1.219655206979e-04 -2.358433305289e-05 5.176751452522e-04
-4.318474595159e-04 2.237060926029e-04 -1.690831540403e-05
6.386514908020e-06 -4.394850315205e-05 1.525077480462e-05
-1.181771820991e-05 2.889661809319e-04 1.538165839470e-05
6
193 5.790000000000e+00
2.262844429997e-05 -1.125611104084e-05 -3.286207658804e-05
2.611552421214e-07 -1.527086394964e-05 -2.152336890554e-06
1.225643817190e-04 -2.371830121429e-05 5.211611642608e-04
-4.344604708861e-04 2.250518212555e-04 -1.674063777837e-05
6.490126469033e-06 -4.427876994722e-05 1.518911454656e-05
-1.181941997882e-05 2.904791910984e-04 1.531094432220e-05
6
194 5.820000000000e+00
2.273815343887e-05 -1.131226954508e-05 -3.302312620237e-05
2.700736675334e-07 -1.535675867820e-05 -2.191536957134e-06
1.231599068785e-04 -2.385406990047e-05 5.246455371333e-04
-4.370662008220e-04 2.263925084304e-04 -1.656947974513e-05
6.590962466188e-06 -4.461057927941e-05 1.512996842312e-05
-1.182188967167e-05 2.919953666290e-04 1.524016310492e-05
